1 1 11.9502
1 2 10.7577
1 3 10.7502
1 4 10.7565
1 5 10.7459
1 6 10.722
1 7 10.7434
1 8 10.7688
1 9 10.6537
1 10 10.7482
1 11 10.7606
1 12 10.7281
1 13 10.7706
1 14 10.7429
1 15 10.7413
1 16 10.705
1 17 10.7618
1 18 10.7496
1 19 10.7606
1 20 10.7684
1 21 10.7468
1 22 10.7402
1 23 10.7477
1 24 10.7191
1 25 10.7528
1 26 10.7504
1 27 10.7737
1 28 10.7502
1 29 10.7624
1 30 10.7403
1 31 10.7454
1 32 10.7427
1 33 10.7405
1 34 10.7533
1 35 10.7622
1 36 10.7137
1 37 10.7643
1 38 10.7614
1 39 10.7487
1 40 10.7366
1 41 10.7435
1 42 10.733
1 43 10.7577
1 44 10.7479
1 45 10.7465
1 46 10.74
1 47 10.678
1 48 10.6923
1 49 10.7542
1 50 10.7511
1 51 10.7494
1 52 10.7489
1 53 10.7286
1 54 10.7517
1 55 10.7251
1 56 10.7423
1 57 10.7412
1 58 10.748
1 59 10.7549
1 60 10.7662
1 61 10.7446
1 62 10.7657
1 63 10.735
1 64 10.7731
1 65 10.7471
1 66 10.7161
1 67 10.6736
1 68 10.7616
1 69 10.7203
1 70 10.7272
1 71 10.7383
1 72 10.7279
1 73 10.7599
1 74 10.7697
1 75 10.6571
1 76 10.5739
1 77 10.7429
1 78 10.7381
1 79 10.7479
1 80 10.7431
1 81 10.7459
1 82 10.7394
1 83 10.7222
1 84 10.6815
1 85 10.7148
1 86 10.7465
1 87 10.7641
1 88 10.7409
1 89 10.745
1 90 10.7593
1 91 10.7399
1 92 10.7499
1 93 10.7492
2 1 10.7577
2 2 12.5347
2 3 10.6436
2 4 10.7163
2 5 10.7313
2 6 10.7487
2 7 10.7391
2 8 10.7029
2 9 10.794
2 10 10.7535
2 11 10.7152
2 12 10.7533
2 13 10.7632
2 14 10.7631
2 15 10.7305
2 16 10.7431
2 17 10.727
2 18 9.88077
2 19 10.7355
2 20 10.7786
2 21 10.7442
2 22 10.6008
2 23 10.4786
2 24 10.7495
2 25 10.7479
2 26 10.7468
2 27 10.735
2 28 10.7468
2 29 10.7627
2 30 10.768
2 31 10.734
2 32 10.7755
2 33 10.733
2 34 10.744
2 35 10.7401
2 36 10.7748
2 37 10.7556
2 38 10.7442
2 39 10.7558
2 40 10.7442
2 41 10.7486
2 42 10.7703
2 43 10.7803
2 44 10.7388
2 45 10.7514
2 46 10.7828
2 47 10.74
2 48 10.7698
2 49 10.7521
2 50 10.7349
2 51 10.7422
2 52 10.7641
2 53 10.76
2 54 10.7323
2 55 10.7563
2 56 10.7194
2 57 10.7728
2 58 10.7435
2 59 10.7041
2 60 10.7183
2 61 10.7306
2 62 10.7453
2 63 10.7811
2 64 10.7602
2 65 10.7557
2 66 10.7372
2 67 10.7594
2 68 10.75
2 69 10.7478
2 70 10.7516
2 71 10.7584
2 72 10.7471
2 73 10.7647
2 74 10.7678
2 75 10.7487
2 76 10.7423
2 77 10.7636
2 78 10.748
2 79 10.757
2 80 10.7854
2 81 10.6952
2 82 10.7256
2 83 10.7591
2 84 10.7734
2 85 10.7586
2 86 10.7353
2 87 10.7357
2 88 10.7426
2 89 10.7588
2 90 10.7444
2 91 10.7243
2 92 10.7457
2 93 10.7243
3 1 10.7502
3 2 10.6436
3 3 18.5077
3 4 3.66267
3 5 10.76
3 6 10.7577
3 7 10.5889
3 8 10.6636
3 9 10.7612
3 10 10.7418
3 11 10.7399
3 12 10.734
3 13 10.7407
3 14 10.764
3 15 10.7834
3 16 10.7569
3 17 10.7356
3 18 10.6843
3 19 10.7491
3 20 10.7619
3 21 10.7436
3 22 10.6736
3 23 10.746
3 24 10.7575
3 25 10.7678
3 26 10.7335
3 27 10.7501
3 28 10.7502
3 29 10.7569
3 30 10.749
3 31 10.7104
3 32 10.7778
3 33 10.7283
3 34 10.7472
3 35 10.7597
3 36 10.7426
3 37 10.7491
3 38 10.753
3 39 10.758
3 40 10.757
3 41 10.746
3 42 10.7583
3 43 10.7567
3 44 10.7567
3 45 10.7662
3 46 10.7462
3 47 10.7396
3 48 10.7352
3 49 10.7345
3 50 10.7632
3 51 10.7545
3 52 10.7488
3 53 10.7664
3 54 10.7796
3 55 10.7408
3 56 10.7556
3 57 10.7389
3 58 10.7468
3 59 10.7533
3 60 10.7029
3 61 10.7596
3 62 10.7466
3 63 10.7486
3 64 10.767
3 65 10.745
3 66 10.762
3 67 10.7529
3 68 10.7595
3 69 10.7436
3 70 10.756
3 71 10.7514
3 72 10.7372
3 73 10.7522
3 74 10.7553
3 75 10.7461
3 76 10.7393
3 77 10.7375
3 78 10.7407
3 79 10.846
3 80 10.7399
3 81 10.7618
3 82 10.7581
3 83 10.7251
3 84 10.7548
3 85 10.7429
3 86 10.7586
3 87 10.7604
3 88 10.7564
3 89 10.6864
3 90 10.7544
3 91 10.7465
3 92 10.7512
3 93 10.768
4 1 10.7565
4 2 10.7163
4 3 3.66267
4 4 18.4615
4 5 10.7405
4 6 10.7591
4 7 10.6978
4 8 10.5978
4 9 10.7376
4 10 10.759
4 11 10.7402
4 12 10.7634
4 13 10.7297
4 14 10.7526
4 15 10.7326
4 16 10.7362
4 17 10.7437
4 18 10.6443
4 19 10.7429
4 20 10.7633
4 21 10.7444
4 22 10.7081
4 23 10.736
4 24 10.7467
4 25 10.733
4 26 10.7553
4 27 10.7365
4 28 10.76
4 29 10.7486
4 30 10.7514
4 31 10.795
4 32 10.7383
4 33 10.7749
4 34 10.771
4 35 10.7507
4 36 10.75
4 37 10.7416
4 38 10.7317
4 39 10.7656
4 40 10.7535
4 41 10.7471
4 42 10.7707
4 43 10.743
4 44 10.7432
4 45 10.7434
4 46 10.7388
4 47 10.7618
4 48 10.7297
4 49 10.764
4 50 10.7427
4 51 10.7518
4 52 10.7603
4 53 10.769
4 54 10.7372
4 55 10.7523
4 56 10.7715
4 57 10.779
4 58 10.762
4 59 10.7021
4 60 10.7662
4 61 10.7388
4 62 10.743
4 63 10.7597
4 64 10.7737
4 65 10.7503
4 66 10.7466
4 67 10.77
4 68 10.7659
4 69 10.747
4 70 10.76
4 71 10.7437
4 72 10.7519
4 73 10.7491
4 74 10.7418
4 75 10.7599
4 76 10.7478
4 77 10.7368
4 78 10.743
4 79 10.6771
4 80 10.7326
4 81 10.7537
4 82 10.7654
4 83 10.7363
4 84 10.753
4 85 10.7483
4 86 10.7324
4 87 10.735
4 88 10.7488
4 89 10.8058
4 90 10.7465
4 91 10.7531
4 92 10.7641
4 93 10.7531
5 1 10.7459
5 2 10.7313
5 3 10.76
5 4 10.7405
5 5 11.8
5 6 10.7471
5 7 10.7522
5 8 10.7432
5 9 10.7469
5 10 10.731
5 11 10.7377
5 12 10.7386
5 13 10.6996
5 14 10.7222
5 15 10.7113
5 16 10.7439
5 17 10.7451
5 18 10.7643
5 19 10.7288
5 20 10.6978
5 21 10.7654
5 22 10.7334
5 23 10.7885
5 24 10.738
5 25 10.7413
5 26 10.7347
5 27 10.7417
5 28 10.7201
5 29 10.7611
5 30 10.7105
5 31 10.7448
5 32 10.7639
5 33 10.7561
5 34 10.7626
5 35 10.7442
5 36 10.7392
5 37 10.7643
5 38 10.7013
5 39 10.7415
5 40 10.7179
5 41 10.7404
5 42 10.761
5 43 10.7407
5 44 10.7314
5 45 10.7368
5 46 10.7439
5 47 10.7472
5 48 10.7648
5 49 10.7271
5 50 10.7376
5 51 10.7163
5 52 10.7457
5 53 10.7512
5 54 10.733
5 55 10.7625
5 56 10.7323
5 57 10.7739
5 58 10.7471
5 59 10.737
5 60 10.7541
5 61 10.7495
5 62 10.7399
5 63 10.7274
5 64 10.7403
5 65 10.7379
5 66 10.7418
5 67 10.7278
5 68 10.7194
5 69 10.7613
5 70 10.7542
5 71 10.736
5 72 10.7591
5 73 10.74
5 74 10.7334
5 75 10.7616
5 76 10.7674
5 77 10.7446
5 78 10.723
5 79 10.7422
5 80 10.7367
5 81 10.7353
5 82 10.7426
5 83 10.7356
5 84 10.7633
5 85 10.7668
5 86 10.7578
5 87 10.7739
5 88 10.729
5 89 10.7244
5 90 10.7196
5 91 10.7313
5 92 10.6917
5 93 10.7438
6 1 10.722
6 2 10.7487
6 3 10.7577
6 4 10.7591
6 5 10.7471
6 6 11.6875
6 7 10.7426
6 8 10.7396
6 9 10.7205
6 10 10.7299
6 11 10.7467
6 12 10.7667
6 13 10.7482
6 14 10.7485
6 15 10.7286
6 16 10.7046
6 17 10.7496
6 18 10.7483
6 19 10.7588
6 20 10.6996
6 21 10.7132
6 22 10.7378
6 23 10.7522
6 24 10.7306
6 25 10.7559
6 26 10.7528
6 27 10.7622
6 28 10.7555
6 29 10.7632
6 30 10.7544
6 31 10.749
6 32 10.7253
6 33 10.7317
6 34 10.7594
6 35 10.7478
6 36 10.7306
6 37 10.7183
6 38 10.7412
6 39 10.7351
6 40 10.7322
6 41 10.7411
6 42 10.7454
6 43 10.736
6 44 10.7596
6 45 10.7613
6 46 10.7522
6 47 10.7515
6 48 10.7524
6 49 10.7186
6 50 10.7456
6 51 10.7531
6 52 10.7572
6 53 10.7552
6 54 10.7479
6 55 10.7445
6 56 10.7377
6 57 10.7558
6 58 10.7326
6 59 10.7642
6 60 10.7468
6 61 10.7569
6 62 10.7401
6 63 10.6755
6 64 10.7445
6 65 10.7594
6 66 10.7111
6 67 10.7398
6 68 10.7485
6 69 10.7223
6 70 10.7336
6 71 10.7114
6 72 10.7263
6 73 10.7499
6 74 10.7618
6 75 10.7382
6 76 10.7419
6 77 10.7648
6 78 10.727
6 79 10.7434
6 80 10.7811
6 81 10.7557
6 82 10.7488
6 83 10.7659
6 84 10.7009
6 85 10.6999
6 86 10.7419
6 87 10.764
6 88 10.7333
6 89 10.7674
6 90 10.7435
6 91 10.7482
6 92 10.7305
6 93 10.7613
7 1 10.7434
7 2 10.7391
7 3 10.5889
7 4 10.6978
7 5 10.7522
7 6 10.7426
7 7 19.8732
7 8 2.2571
7 9 10.751
7 10 10.7563
7 11 10.7192
7 12 10.7404
7 13 10.778
7 14 10.7621
7 15 10.7518
7 16 10.7522
7 17 10.7574
7 18 10.6896
7 19 10.7705
7 20 10.738
7 21 10.7237
7 22 10.7288
7 23 10.7423
7 24 10.7636
7 25 10.7395
7 26 10.7559
7 27 10.7495
7 28 10.7458
7 29 10.7559
7 30 10.7648
7 31 10.6474
7 32 10.7448
7 33 10.7393
7 34 10.7513
7 35 10.7353
7 36 10.7443
7 37 10.7661
7 38 10.7561
7 39 10.7582
7 40 10.7361
7 41 10.7642
7 42 10.7417
7 43 10.7598
7 44 10.7463
7 45 10.7505
7 46 10.744
7 47 10.7662
7 48 10.7524
7 49 10.7576
7 50 10.7633
7 51 10.7409
7 52 10.7416
7 53 10.7437
7 54 10.7682
7 55 10.7486
7 56 10.7509
7 57 10.744
7 58 10.7491
7 59 10.7685
7 60 10.6707
7 61 10.7422
7 62 10.7606
7 63 10.7648
7 64 10.7485
7 65 10.7627
7 66 10.7413
7 67 10.7386
7 68 10.729
7 69 10.7451
7 70 10.7573
7 71 10.7645
7 72 10.745
7 73 10.7425
7 74 10.7653
7 75 10.7457
7 76 10.7601
7 77 10.7506
7 78 10.7528
7 79 10.7541
7 80 10.7381
7 81 10.7222
7 82 10.7451
7 83 10.7599
7 84 10.7554
7 85 10.754
7 86 10.7448
7 87 10.7556
7 88 10.75
7 89 10.8511
7 90 10.7342
7 91 10.7432
7 92 10.7513
7 93 10.7429
8 1 10.7688
8 2 10.7029
8 3 10.6636
8 4 10.5978
8 5 10.7432
8 6 10.7396
8 7 2.2571
8 8 19.9214
8 9 10.7477
8 10 10.745
8 11 10.7324
8 12 10.7708
8 13 10.7587
8 14 10.7407
8 15 10.7703
8 16 10.7643
8 17 10.7423
8 18 10.7158
8 19 10.7581
8 20 10.7639
8 21 10.7615
8 22 10.7284
8 23 10.7477
8 24 10.7312
8 25 10.7369
8 26 10.7402
8 27 10.7551
8 28 10.7365
8 29 10.7432
8 30 10.7559
8 31 10.8491
8 32 10.7583
8 33 10.7594
8 34 10.7213
8 35 10.757
8 36 10.7518
8 37 10.7679
8 38 10.7561
8 39 10.7609
8 40 10.7659
8 41 10.7542
8 42 10.7518
8 43 10.7443
8 44 10.7566
8 45 10.7416
8 46 10.7566
8 47 10.7314
8 48 10.7539
8 49 10.7424
8 50 10.7407
8 51 10.7588
8 52 10.7423
8 53 10.7434
8 54 10.7419
8 55 10.7571
8 56 10.7333
8 57 10.7503
8 58 10.7333
8 59 10.6416
8 60 10.8004
8 61 10.7504
8 62 10.736
8 63 10.752
8 64 10.7315
8 65 10.7595
8 66 10.7493
8 67 10.756
8 68 10.7356
8 69 10.7524
8 70 10.751
8 71 10.7459
8 72 10.7591
8 73 10.7602
8 74 10.7456
8 75 10.7496
8 76 10.7522
8 77 10.7535
8 78 10.7483
8 79 10.7585
8 80 10.769
8 81 10.6773
8 82 10.7559
8 83 10.7505
8 84 10.7486
8 85 10.7575
8 86 10.7506
8 87 10.7618
8 88 10.7349
8 89 10.6598
8 90 10.7478
8 91 10.756
8 92 10.7578
8 93 10.7616
9 1 10.6537
9 2 10.794
9 3 10.7612
9 4 10.7376
9 5 10.7469
9 6 10.7205
9 7 10.751
9 8 10.7477
9 9 11.8795
9 10 10.7492
9 11 10.7519
9 12 10.7518
9 13 10.7651
9 14 10.7465
9 15 10.7348
9 16 10.7095
9 17 10.7406
9 18 10.7204
9 19 10.7733
9 20 10.7349
9 21 10.7408
9 22 10.7384
9 23 10.751
9 24 10.7407
9 25 10.7493
9 26 10.7622
9 27 10.7523
9 28 10.7556
9 29 10.7451
9 30 10.7654
9 31 10.7766
9 32 10.7524
9 33 10.7709
9 34 10.7398
9 35 10.7516
9 36 10.7203
9 37 10.7249
9 38 10.7548
9 39 10.7612
9 40 10.7306
9 41 10.7325
9 42 10.7639
9 43 10.7408
9 44 10.7558
9 45 10.7534
9 46 10.7559
9 47 10.6644
9 48 10.6845
9 49 10.7335
9 50 10.7719
9 51 10.7568
9 52 10.7765
9 53 10.7605
9 54 10.7436
9 55 10.7278
9 56 10.7347
9 57 10.7779
9 58 10.7595
9 59 10.7459
9 60 10.7548
9 61 10.7701
9 62 10.7473
9 63 10.7204
9 64 10.7743
9 65 10.7434
9 66 10.6981
9 67 10.7128
9 68 10.7521
9 69 10.7232
9 70 10.721
9 71 10.7577
9 72 10.7501
9 73 10.7538
9 74 10.7514
9 75 10.5898
9 76 10.6326
9 77 10.7324
9 78 10.7585
9 79 10.747
9 80 10.7338
9 81 10.7689
9 82 10.7551
9 83 10.7384
9 84 10.6257
9 85 10.675
9 86 10.749
9 87 10.736
9 88 10.7547
9 89 10.7543
9 90 10.7607
9 91 10.7579
9 92 10.7474
9 93 10.7585
10 1 10.7482
10 2 10.7535
10 3 10.7418
10 4 10.759
10 5 10.731
10 6 10.7299
10 7 10.7563
10 8 10.745
10 9 10.7492
10 10 11.7713
10 11 10.7644
10 12 10.6996
10 13 10.7603
10 14 10.7276
10 15 10.7694
10 16 10.7218
10 17 10.7535
10 18 10.7658
10 19 10.7134
10 20 10.7306
10 21 10.7535
10 22 10.767
10 23 10.7488
10 24 10.7305
10 25 10.764
10 26 10.762
10 27 10.7351
10 28 10.7368
10 29 10.7269
10 30 10.7271
10 31 10.7617
10 32 10.7119
10 33 10.7504
10 34 10.7513
10 35 10.7433
10 36 10.7584
10 37 10.7051
10 38 10.7176
10 39 10.7201
10 40 10.748
10 41 10.7312
10 42 10.7334
10 43 10.7445
10 44 10.7378
10 45 10.748
10 46 10.7508
10 47 10.7337
10 48 10.75
10 49 10.7132
10 50 10.7263
10 51 10.7258
10 52 10.7185
10 53 10.7734
10 54 10.7488
10 55 10.7492
10 56 10.7486
10 57 10.7433
10 58 10.7177
10 59 10.7718
10 60 10.7477
10 61 10.7293
10 62 10.7212
10 63 10.7437
10 64 10.7457
10 65 10.7343
10 66 10.715
10 67 10.7285
10 68 10.7236
10 69 10.7567
10 70 10.714
10 71 10.7434
10 72 10.7501
10 73 10.7418
10 74 10.7399
10 75 10.7197
10 76 10.7495
10 77 10.7567
10 78 10.745
10 79 10.7584
10 80 10.7421
10 81 10.7653
10 82 10.7463
10 83 10.7345
10 84 10.7496
10 85 10.7453
10 86 10.7491
10 87 10.7503
10 88 10.7506
10 89 10.7687
10 90 10.7324
10 91 10.7431
10 92 10.7367
10 93 10.744
11 1 10.7606
11 2 10.7152
11 3 10.7399
11 4 10.7402
11 5 10.7377
11 6 10.7467
11 7 10.7192
11 8 10.7324
11 9 10.7519
11 10 10.7644
11 11 11.6496
11 12 10.759
11 13 10.7478
11 14 10.7459
11 15 10.7508
11 16 10.739
11 17 10.7068
11 18 10.7051
11 19 10.7404
11 20 10.7477
11 21 10.7613
11 22 10.7234
11 23 10.7581
11 24 10.7582
11 25 10.7099
11 26 10.6963
11 27 10.7483
11 28 10.7474
11 29 10.7374
11 30 10.7518
11 31 10.7397
11 32 10.7587
11 33 10.7579
11 34 10.7495
11 35 10.752
11 36 10.7663
11 37 10.7414
11 38 10.7451
11 39 10.7399
11 40 10.744
11 41 10.7617
11 42 10.7636
11 43 10.738
11 44 10.7372
11 45 10.7151
11 46 10.7337
11 47 10.7499
11 48 10.7627
11 49 10.7556
11 50 10.731
11 51 10.7132
11 52 10.7245
11 53 10.7764
11 54 10.7592
11 55 10.7249
11 56 10.7209
11 57 10.7348
11 58 10.754
11 59 10.7172
11 60 10.7186
11 61 10.7616
11 62 10.7409
11 63 10.7635
11 64 10.7124
11 65 10.7503
11 66 10.739
11 67 10.7505
11 68 10.7789
11 69 10.7564
11 70 10.752
11 71 10.7559
11 72 10.7476
11 73 10.7461
11 74 10.7439
11 75 10.764
11 76 10.7624
11 77 10.7517
11 78 10.7636
11 79 10.7289
11 80 10.755
11 81 10.7138
11 82 10.7331
11 83 10.744
11 84 10.7539
11 85 10.7489
11 86 10.7001
11 87 10.768
11 88 10.7881
11 89 10.731
11 90 10.722
11 91 10.729
11 92 10.7335
11 93 10.7309
12 1 10.7281
12 2 10.7533
12 3 10.734
12 4 10.7634
12 5 10.7386
12 6 10.7667
12 7 10.7404
12 8 10.7708
12 9 10.7518
12 10 10.6996
12 11 10.759
12 12 11.7206
12 13 10.7349
12 14 10.7316
12 15 10.7651
12 16 10.7547
12 17 10.7164
12 18 10.7702
12 19 10.7338
12 20 10.7374
12 21 10.7557
12 22 10.7489
12 23 10.7518
12 24 10.721
12 25 10.7685
12 26 10.7399
12 27 10.7418
12 28 10.7574
12 29 10.7337
12 30 10.7518
12 31 10.7474
12 32 10.7166
12 33 10.7517
12 34 10.7488
12 35 10.7456
12 36 10.7546
12 37 10.7015
12 38 10.7127
12 39 10.7303
12 40 10.7376
12 41 10.7353
12 42 10.7342
12 43 10.7331
12 44 10.7526
12 45 10.7352
12 46 10.755
12 47 10.7486
12 48 10.7434
12 49 10.7342
12 50 10.7429
12 51 10.7332
12 52 10.717
12 53 10.7538
12 54 10.7436
12 55 10.7376
12 56 10.7215
12 57 10.7448
12 58 10.7524
12 59 10.7584
12 60 10.7505
12 61 10.738
12 62 10.7341
12 63 10.7343
12 64 10.7394
12 65 10.7514
12 66 10.7442
12 67 10.7089
12 68 10.7139
12 69 10.7626
12 70 10.7196
12 71 10.7598
12 72 10.7511
12 73 10.7435
12 74 10.7525
12 75 10.7506
12 76 10.7353
12 77 10.7457
12 78 10.7536
12 79 10.7634
12 80 10.7581
12 81 10.7471
12 82 10.7513
12 83 10.7414
12 84 10.7527
12 85 10.7473
12 86 10.6495
12 87 10.7354
12 88 10.7437
12 89 10.7674
12 90 10.735
12 91 10.764
12 92 10.7388
12 93 10.7516
13 1 10.7706
13 2 10.7632
13 3 10.7407
13 4 10.7297
13 5 10.6996
13 6 10.7482
13 7 10.778
13 8 10.7587
13 9 10.7651
13 10 10.7603
13 11 10.7478
13 12 10.7349
13 13 11.8435
13 14 10.7074
13 15 10.7674
13 16 10.757
13 17 10.7421
13 18 10.7237
13 19 10.7012
13 20 10.7425
13 21 10.7378
13 22 10.7713
13 23 10.7286
13 24 10.7413
13 25 10.7534
13 26 10.7413
13 27 10.7632
13 28 10.7342
13 29 10.7351
13 30 10.7641
13 31 10.762
13 32 10.7252
13 33 10.7622
13 34 10.752
13 35 10.724
13 36 10.7261
13 37 10.7403
13 38 10.7328
13 39 10.7391
13 40 10.7669
13 41 10.7415
13 42 10.7391
13 43 10.7433
13 44 10.7671
13 45 10.7042
13 46 10.7006
13 47 10.7266
13 48 10.7479
13 49 10.7538
13 50 10.7418
13 51 10.7554
13 52 10.753
13 53 10.7504
13 54 10.7245
13 55 10.7475
13 56 10.752
13 57 10.7352
13 58 10.5636
13 59 10.7449
13 60 10.7596
13 61 10.7665
13 62 10.739
13 63 10.7424
13 64 10.7376
13 65 10.7255
13 66 10.7486
13 67 10.7699
13 68 10.7163
13 69 10.7459
13 70 10.734
13 71 10.7687
13 72 10.7264
13 73 10.7099
13 74 10.6878
13 75 10.7455
13 76 10.7483
13 77 10.7456
13 78 10.7333
13 79 10.7551
13 80 10.7751
13 81 10.7585
13 82 10.7466
13 83 10.748
13 84 10.7405
13 85 10.7602
13 86 10.7538
13 87 10.7103
13 88 10.7146
13 89 10.745
13 90 10.7511
13 91 10.7256
13 92 10.736
13 93 10.7536
14 1 10.7429
14 2 10.7631
14 3 10.764
14 4 10.7526
14 5 10.7222
14 6 10.7485
14 7 10.7621
14 8 10.7407
14 9 10.7465
14 10 10.7276
14 11 10.7459
14 12 10.7316
14 13 10.7074
14 14 11.9585
14 15 10.7426
14 16 10.7312
14 17 10.751
14 18 10.7394
14 19 10.7561
14 20 10.7371
14 21 10.7626
14 22 10.7433
14 23 10.7496
14 24 10.7637
14 25 10.7443
14 26 10.7613
14 27 10.7825
14 28 10.7268
14 29 10.6271
14 30 10.6871
14 31 10.7646
14 32 10.7409
14 33 10.7626
14 34 10.7443
14 35 10.7663
14 36 10.7536
14 37 10.7508
14 38 10.7321
14 39 10.7624
14 40 10.7533
14 41 10.7488
14 42 10.7536
14 43 10.6722
14 44 10.7963
14 45 10.7508
14 46 10.7679
14 47 10.7429
14 48 10.7521
14 49 10.7495
14 50 10.7167
14 51 10.7092
14 52 10.7522
14 53 10.7377
14 54 10.7443
14 55 10.73
14 56 10.7467
14 57 10.5379
14 58 10.7274
14 59 10.7343
14 60 10.7555
14 61 10.7495
14 62 10.7419
14 63 10.7653
14 64 10.7661
14 65 10.7378
14 66 10.7549
14 67 10.7462
14 68 10.6802
14 69 10.7503
14 70 10.7345
14 71 10.7298
14 72 10.7489
14 73 10.7415
14 74 10.7512
14 75 10.7542
14 76 10.7731
14 77 10.7406
14 78 10.7565
14 79 10.7694
14 80 10.7578
14 81 10.7599
14 82 10.7556
14 83 10.7615
14 84 10.749
14 85 10.763
14 86 10.736
14 87 10.7398
14 88 10.6684
14 89 10.7735
14 90 10.7095
14 91 10.6006
14 92 10.6866
14 93 10.7709
15 1 10.7413
15 2 10.7305
15 3 10.7834
15 4 10.7326
15 5 10.7113
15 6 10.7286
15 7 10.7518
15 8 10.7703
15 9 10.7348
15 10 10.7694
15 11 10.7508
15 12 10.7651
15 13 10.7674
15 14 10.7426
15 15 11.55
15 16 10.7492
15 17 10.7602
15 18 10.7669
15 19 10.7188
15 20 10.7009
15 21 10.6819
15 22 10.7278
15 23 10.7758
15 24 10.7554
15 25 10.774
15 26 10.6985
15 27 10.6401
15 28 10.7606
15 29 10.7549
15 30 10.7342
15 31 10.7588
15 32 10.748
15 33 10.7462
15 34 10.7711
15 35 10.7548
15 36 10.7726
15 37 10.7283
15 38 10.7396
15 39 10.7548
15 40 10.646
15 41 10.6437
15 42 10.6672
15 43 10.7438
15 44 10.7582
15 45 10.7636
15 46 10.7369
15 47 10.7737
15 48 10.7585
15 49 10.735
15 50 10.752
15 51 10.7744
15 52 10.773
15 53 10.7659
15 54 10.7541
15 55 10.7492
15 56 10.7917
15 57 10.7703
15 58 10.7403
15 59 10.7558
15 60 10.7499
15 61 10.7611
15 62 10.7544
15 63 10.7352
15 64 10.7559
15 65 10.7223
15 66 10.7456
15 67 10.765
15 68 10.7646
15 69 10.7568
15 70 10.7356
15 71 10.7574
15 72 10.6932
15 73 10.715
15 74 10.7352
15 75 10.7364
15 76 10.7517
15 77 10.7458
15 78 10.7466
15 79 10.7194
15 80 10.761
15 81 10.7483
15 82 10.7466
15 83 10.7512
15 84 10.7369
15 85 10.7506
15 86 10.7557
15 87 10.6886
15 88 10.7832
15 89 10.7608
15 90 10.7461
15 91 10.7512
15 92 10.7689
15 93 10.7474
16 1 10.705
16 2 10.7431
16 3 10.7569
16 4 10.7362
16 5 10.7439
16 6 10.7046
16 7 10.7522
16 8 10.7643
16 9 10.7095
16 10 10.7218
16 11 10.739
16 12 10.7547
16 13 10.757
16 14 10.7312
16 15 10.7492
16 16 11.8979
16 17 10.7532
16 18 10.7584
16 19 10.7439
16 20 10.7583
16 21 10.745
16 22 10.7303
16 23 10.761
16 24 10.5705
16 25 10.7656
16 26 10.7507
16 27 10.7571
16 28 10.7335
16 29 10.7674
16 30 10.7409
16 31 10.7619
16 32 10.7448
16 33 10.7445
16 34 10.7306
16 35 10.7443
16 36 10.7337
16 37 10.7503
16 38 10.7307
16 39 10.7198
16 40 10.7296
16 41 10.7398
16 42 10.7648
16 43 10.7608
16 44 10.7417
16 45 10.7556
16 46 10.7762
16 47 10.7228
16 48 10.7321
16 49 10.7477
16 50 10.7596
16 51 10.7621
16 52 10.7489
16 53 10.7521
16 54 10.75
16 55 10.7355
16 56 10.7508
16 57 10.7414
16 58 10.7388
16 59 10.7462
16 60 10.7621
16 61 10.7308
16 62 10.7452
16 63 10.7466
16 64 10.7474
16 65 10.768
16 66 10.6605
16 67 10.6849
16 68 10.7595
16 69 10.7369
16 70 10.6898
16 71 10.6692
16 72 10.7393
16 73 10.7525
16 74 10.759
16 75 10.7202
16 76 10.7297
16 77 10.734
16 78 10.7303
16 79 10.7382
16 80 10.7612
16 81 10.7399
16 82 10.7433
16 83 10.7427
16 84 10.7434
16 85 10.7265
16 86 10.7387
16 87 10.751
16 88 10.7742
16 89 10.7495
16 90 10.7556
16 91 10.7444
16 92 10.7649
16 93 10.7411
17 1 10.7618
17 2 10.727
17 3 10.7356
17 4 10.7437
17 5 10.7451
17 6 10.7496
17 7 10.7574
17 8 10.7423
17 9 10.7406
17 10 10.7535
17 11 10.7068
17 12 10.7164
17 13 10.7421
17 14 10.751
17 15 10.7602
17 16 10.7532
17 17 11.6798
17 18 10.7345
17 19 10.7322
17 20 10.7553
17 21 10.7669
17 22 10.7538
17 23 10.7107
17 24 10.7575
17 25 10.7538
17 26 10.7438
17 27 10.7537
17 28 10.7627
17 29 10.7571
17 30 10.7504
17 31 10.7407
17 32 10.7512
17 33 10.7575
17 34 10.7341
17 35 10.7269
17 36 10.741
17 37 10.7614
17 38 10.7451
17 39 10.7472
17 40 10.7647
17 41 10.7478
17 42 10.7624
17 43 10.7611
17 44 10.7403
17 45 10.7412
17 46 10.7398
17 47 10.7449
17 48 10.7446
17 49 10.7494
17 50 10.7578
17 51 10.764
17 52 10.7369
17 53 10.7416
17 54 10.7562
17 55 10.7467
17 56 10.7577
17 57 10.7496
17 58 10.7463
17 59 10.735
17 60 10.755
17 61 10.7126
17 62 10.7057
17 63 10.7527
17 64 10.7312
17 65 10.7419
17 66 10.7359
17 67 10.7381
17 68 10.7374
17 69 10.7413
17 70 10.7585
17 71 10.7377
17 72 10.7549
17 73 10.7389
17 74 10.7539
17 75 10.7409
17 76 10.7553
17 77 10.7168
17 78 10.7468
17 79 10.7543
17 80 10.7405
17 81 10.732
17 82 10.7287
17 83 10.7516
17 84 10.7479
17 85 10.7456
17 86 10.5518
17 87 10.7401
17 88 10.7665
17 89 10.759
17 90 10.7139
17 91 10.7482
17 92 10.764
17 93 10.7093
18 1 10.7496
18 2 9.88077
18 3 10.6843
18 4 10.6443
18 5 10.7643
18 6 10.7483
18 7 10.6896
18 8 10.7158
18 9 10.7204
18 10 10.7658
18 11 10.7051
18 12 10.7702
18 13 10.7237
18 14 10.7394
18 15 10.7669
18 16 10.7584
18 17 10.7345
18 18 12.4494
18 19 10.7216
18 20 10.742
18 21 10.7484
18 22 10.6162
18 23 10.6682
18 24 10.7413
18 25 10.7562
18 26 10.7189
18 27 10.7652
18 28 10.7722
18 29 10.7379
18 30 10.7623
18 31 10.7732
18 32 10.7353
18 33 10.7639
18 34 10.7289
18 35 10.7432
18 36 10.7371
18 37 10.7495
18 38 10.7696
18 39 10.7504
18 40 10.7457
18 41 10.7567
18 42 10.74
18 43 10.7518
18 44 10.7516
18 45 10.7438
18 46 10.7496
18 47 10.7569
18 48 10.7395
18 49 10.7531
18 50 10.7582
18 51 10.7663
18 52 10.7486
18 53 10.7178
18 54 10.7645
18 55 10.7369
18 56 10.7523
18 57 10.7295
18 58 10.7533
18 59 10.7086
18 60 10.7389
18 61 10.7647
18 62 10.7515
18 63 10.7252
18 64 10.724
18 65 10.7104
18 66 10.7546
18 67 10.7528
18 68 10.7666
18 69 10.7639
18 70 10.7625
18 71 10.7401
18 72 10.7973
18 73 10.75
18 74 10.7281
18 75 10.7728
18 76 10.746
18 77 10.7653
18 78 10.761
18 79 10.7552
18 80 10.7465
18 81 10.7515
18 82 10.7456
18 83 10.7663
18 84 10.7253
18 85 10.7459
18 86 10.749
18 87 10.7556
18 88 10.7646
18 89 10.758
18 90 10.7478
18 91 10.7517
18 92 10.7674
18 93 10.757
19 1 10.7606
19 2 10.7355
19 3 10.7491
19 4 10.7429
19 5 10.7288
19 6 10.7588
19 7 10.7705
19 8 10.7581
19 9 10.7733
19 10 10.7134
19 11 10.7404
19 12 10.7338
19 13 10.7012
19 14 10.7561
19 15 10.7188
19 16 10.7439
19 17 10.7322
19 18 10.7216
19 19 11.7779
19 20 10.7648
19 21 10.7464
19 22 10.7452
19 23 10.7576
19 24 10.7655
19 25 10.7341
19 26 10.7162
19 27 10.7564
19 28 10.731
19 29 10.7248
19 30 10.7475
19 31 10.7283
19 32 10.7272
19 33 10.7328
19 34 10.7627
19 35 10.7493
19 36 10.7564
19 37 10.7513
19 38 10.7555
19 39 10.7563
19 40 10.7627
19 41 10.7525
19 42 10.7387
19 43 10.7375
19 44 10.7525
19 45 10.7067
19 46 10.7294
19 47 10.7565
19 48 10.7637
19 49 10.7383
19 50 10.7382
19 51 10.7461
19 52 10.7372
19 53 10.7467
19 54 10.7598
19 55 10.6969
19 56 10.7261
19 57 10.7456
19 58 10.646
19 59 10.7447
19 60 10.7517
19 61 10.7505
19 62 10.7419
19 63 10.7344
19 64 10.7319
19 65 10.741
19 66 10.7372
19 67 10.7609
19 68 10.7447
19 69 10.7514
19 70 10.7574
19 71 10.7438
19 72 10.6943
19 73 10.7455
19 74 10.704
19 75 10.738
19 76 10.769
19 77 10.771
19 78 10.6927
19 79 10.7354
19 80 10.7551
19 81 10.7428
19 82 10.7408
19 83 10.7435
19 84 10.7703
19 85 10.7515
19 86 10.7512
19 87 10.7133
19 88 10.7945
19 89 10.7542
19 90 10.7215
19 91 10.7266
19 92 10.7275
19 93 10.7586
20 1 10.7684
20 2 10.7786
20 3 10.7619
20 4 10.7633
20 5 10.6978
20 6 10.6996
20 7 10.738
20 8 10.7639
20 9 10.7349
20 10 10.7306
20 11 10.7477
20 12 10.7374
20 13 10.7425
20 14 10.7371
20 15 10.7009
20 16 10.7583
20 17 10.7553
20 18 10.742
20 19 10.7648
20 20 11.8211
20 21 10.7302
20 22 10.7379
20 23 10.7457
20 24 10.7489
20 25 10.7598
20 26 10.749
20 27 10.6979
20 28 10.7506
20 29 10.7441
20 30 10.7561
20 31 10.7449
20 32 10.7399
20 33 10.7339
20 34 10.7494
20 35 10.758
20 36 10.7336
20 37 10.7262
20 38 10.7606
20 39 10.7162
20 40 10.7282
20 41 10.694
20 42 10.668
20 43 10.7165
20 44 10.784
20 45 10.6945
20 46 10.7472
20 47 10.7582
20 48 10.7323
20 49 10.7098
20 50 10.7371
20 51 10.7357
20 52 10.7367
20 53 10.7698
20 54 10.7584
20 55 10.7553
20 56 10.7024
20 57 10.733
20 58 10.7495
20 59 10.7405
20 60 10.7511
20 61 10.7561
20 62 10.7378
20 63 10.7124
20 64 10.7698
20 65 10.7493
20 66 10.7605
20 67 10.7612
20 68 10.7244
20 69 10.7492
20 70 10.7451
20 71 10.759
20 72 10.7583
20 73 10.6661
20 74 10.765
20 75 10.733
20 76 10.7482
20 77 10.7473
20 78 10.7471
20 79 10.7576
20 80 10.7445
20 81 10.7405
20 82 10.7431
20 83 10.7458
20 84 10.7338
20 85 10.7384
20 86 10.7645
20 87 10.75
20 88 10.748
20 89 10.7539
20 90 10.7393
20 91 10.7445
20 92 10.7231
20 93 10.7537
21 1 10.7468
21 2 10.7442
21 3 10.7436
21 4 10.7444
21 5 10.7654
21 6 10.7132
21 7 10.7237
21 8 10.7615
21 9 10.7408
21 10 10.7535
21 11 10.7613
21 12 10.7557
21 13 10.7378
21 14 10.7626
21 15 10.6819
21 16 10.745
21 17 10.7669
21 18 10.7484
21 19 10.7464
21 20 10.7302
21 21 11.6974
21 22 10.7671
21 23 10.745
21 24 10.7603
21 25 10.7561
21 26 10.7495
21 27 10.6947
21 28 10.7517
21 29 10.7435
21 30 10.7559
21 31 10.7575
21 32 10.7463
21 33 10.7585
21 34 10.7325
21 35 10.7596
21 36 10.7575
21 37 10.7404
21 38 10.7408
21 39 10.7392
21 40 10.7144
21 41 10.6624
21 42 10.6969
21 43 10.7194
21 44 10.7442
21 45 10.7265
21 46 10.7042
21 47 10.7374
21 48 10.7114
21 49 10.7653
21 50 10.7559
21 51 10.7522
21 52 10.7619
21 53 10.7464
21 54 10.7594
21 55 10.7333
21 56 10.758
21 57 10.7435
21 58 10.7315
21 59 10.7757
21 60 10.7371
21 61 10.7649
21 62 10.749
21 63 10.6997
21 64 10.7202
21 65 10.7452
21 66 10.7392
21 67 10.7516
21 68 10.7598
21 69 10.7306
21 70 10.7536
21 71 10.7434
21 72 10.7423
21 73 10.7154
21 74 10.747
21 75 10.7178
21 76 10.7547
21 77 10.7363
21 78 10.7553
21 79 10.7526
21 80 10.7695
21 81 10.7596
21 82 10.7511
21 83 10.7425
21 84 10.7266
21 85 10.7206
21 86 10.7462
21 87 10.7297
21 88 10.772
21 89 10.7584
21 90 10.7415
21 91 10.7477
21 92 10.755
21 93 10.7379
22 1 10.7402
22 2 10.6008
22 3 10.6736
22 4 10.7081
22 5 10.7334
22 6 10.7378
22 7 10.7288
22 8 10.7284
22 9 10.7384
22 10 10.767
22 11 10.7234
22 12 10.7489
22 13 10.7713
22 14 10.7433
22 15 10.7278
22 16 10.7303
22 17 10.7538
22 18 10.6162
22 19 10.7452
22 20 10.7379
22 21 10.7671
22 22 12.5653
22 23 9.74278
22 24 10.736
22 25 10.7388
22 26 10.7599
22 27 10.7415
22 28 10.7549
22 29 10.7756
22 30 10.7511
22 31 10.7405
22 32 10.7714
22 33 10.7111
22 34 10.7434
22 35 10.7184
22 36 10.7148
22 37 10.7661
22 38 10.7517
22 39 10.7742
22 40 10.746
22 41 10.7586
22 42 10.7343
22 43 10.7356
22 44 10.7442
22 45 10.7418
22 46 10.74
22 47 10.7684
22 48 10.749
22 49 10.7574
22 50 10.7432
22 51 10.7815
22 52 10.7304
22 53 10.7568
22 54 10.7488
22 55 10.7381
22 56 10.7517
22 57 10.7696
22 58 10.7393
22 59 10.7174
22 60 10.694
22 61 10.7664
22 62 10.7462
22 63 10.7719
22 64 10.7544
22 65 10.7485
22 66 10.7726
22 67 10.7478
22 68 10.7586
22 69 10.7639
22 70 10.7396
22 71 10.7693
22 72 10.744
22 73 10.7454
22 74 10.7363
22 75 10.755
22 76 10.7491
22 77 10.7279
22 78 10.767
22 79 10.7709
22 80 10.7735
22 81 10.7038
22 82 10.7656
22 83 10.7334
22 84 10.7814
22 85 10.7533
22 86 10.7566
22 87 10.7535
22 88 10.7581
22 89 10.7464
22 90 10.7491
22 91 10.7734
22 92 10.7338
22 93 10.7584
23 1 10.7477
23 2 10.4786
23 3 10.746
23 4 10.736
23 5 10.7885
23 6 10.7522
23 7 10.7423
23 8 10.7477
23 9 10.751
23 10 10.7488
23 11 10.7581
23 12 10.7518
23 13 10.7286
23 14 10.7496
23 15 10.7758
23 16 10.761
23 17 10.7107
23 18 10.6682
23 19 10.7576
23 20 10.7457
23 21 10.745
23 22 9.74278
23 23 12.5633
23 24 10.7579
23 25 10.7351
23 26 10.7574
23 27 10.7594
23 28 10.7578
23 29 10.7338
23 30 10.7483
23 31 10.7515
23 32 10.7501
23 33 10.7792
23 34 10.7141
23 35 10.7506
23 36 10.763
23 37 10.7346
23 38 10.7646
23 39 10.7452
23 40 10.7667
23 41 10.7533
23 42 10.7704
23 43 10.7563
23 44 10.75
23 45 10.7362
23 46 10.7492
23 47 10.7385
23 48 10.7448
23 49 10.7394
23 50 10.7713
23 51 10.7332
23 52 10.7583
23 53 10.7059
23 54 10.7411
23 55 10.7335
23 56 10.7603
23 57 10.7479
23 58 10.7478
23 59 10.7134
23 60 10.7573
23 61 10.7312
23 62 10.752
23 63 10.7313
23 64 10.742
23 65 10.7435
23 66 10.7544
23 67 10.7457
23 68 10.7543
23 69 10.7534
23 70 10.7682
23 71 10.7366
23 72 10.7745
23 73 10.7555
23 74 10.767
23 75 10.7417
23 76 10.7611
23 77 10.7392
23 78 10.7322
23 79 10.719
23 80 10.7354
23 81 10.7417
23 82 10.7461
23 83 10.7677
23 84 10.7352
23 85 10.7348
23 86 10.7132
23 87 10.7519
23 88 10.7401
23 89 10.7741
23 90 10.7302
23 91 10.7596
23 92 10.7572
23 93 10.7354
24 1 10.7191
24 2 10.7495
24 3 10.7575
24 4 10.7467
24 5 10.738
24 6 10.7306
24 7 10.7636
24 8 10.7312
24 9 10.7407
24 10 10.7305
24 11 10.7582
24 12 10.721
24 13 10.7413
24 14 10.7637
24 15 10.7554
24 16 10.5705
24 17 10.7575
24 18 10.7413
24 19 10.7655
24 20 10.7489
24 21 10.7603
24 22 10.736
24 23 10.7579
24 24 11.8853
24 25 10.7519
24 26 10.7477
24 27 10.762
24 28 10.7532
24 29 10.7399
24 30 10.75
24 31 10.766
24 32 10.7222
24 33 10.7415
24 34 10.7533
24 35 10.7563
24 36 10.7261
24 37 10.7632
24 38 10.7285
24 39 10.7097
24 40 10.7174
24 41 10.7521
24 42 10.7416
24 43 10.7241
24 44 10.7495
24 45 10.7429
24 46 10.7495
24 47 10.7205
24 48 10.7233
24 49 10.7708
24 50 10.7422
24 51 10.7632
24 52 10.7519
24 53 10.764
24 54 10.7453
24 55 10.7343
24 56 10.7361
24 57 10.7681
24 58 10.7261
24 59 10.7462
24 60 10.7556
24 61 10.7361
24 62 10.7578
24 63 10.7253
24 64 10.7269
24 65 10.754
24 66 10.7172
24 67 10.7392
24 68 10.7439
24 69 10.7322
24 70 10.6937
24 71 10.696
24 72 10.7806
24 73 10.7541
24 74 10.777
24 75 10.7172
24 76 10.713
24 77 10.7208
24 78 10.7268
24 79 10.7485
24 80 10.7522
24 81 10.7447
24 82 10.7316
24 83 10.7476
24 84 10.7233
24 85 10.7193
24 86 10.7326
24 87 10.7329
24 88 10.7352
24 89 10.7512
24 90 10.7555
24 91 10.7629
24 92 10.7462
24 93 10.7377
25 1 10.7528
25 2 10.7479
25 3 10.7678
25 4 10.733
25 5 10.7413
25 6 10.7559
25 7 10.7395
25 8 10.7369
25 9 10.7493
25 10 10.764
25 11 10.7099
25 12 10.7685
25 13 10.7534
25 14 10.7443
25 15 10.774
25 16 10.7656
25 17 10.7538
25 18 10.7562
25 19 10.7341
25 20 10.7598
25 21 10.7561
25 22 10.7388
25 23 10.7351
25 24 10.7519
25 25 21.9059
25 26 0.0873184
25 27 10.7426
25 28 10.7388
25 29 10.7607
25 30 10.7559
25 31 10.6881
25 32 10.7381
25 33 10.7174
25 34 10.7352
25 35 10.7431
25 36 10.7445
25 37 10.7437
25 38 10.7493
25 39 10.7447
25 40 10.7691
25 41 10.7462
25 42 10.7389
25 43 10.7542
25 44 10.7542
25 45 10.7287
25 46 10.7389
25 47 10.7396
25 48 10.756
25 49 10.728
25 50 10.7224
25 51 10.7329
25 52 10.7323
25 53 10.7709
25 54 10.7584
25 55 10.7483
25 56 10.7257
25 57 10.7415
25 58 10.7372
25 59 10.7747
25 60 10.7193
25 61 10.7589
25 62 10.7559
25 63 10.7419
25 64 10.7251
25 65 10.7453
25 66 10.7715
25 67 10.7664
25 68 10.737
25 69 10.7421
25 70 10.7469
25 71 10.7582
25 72 10.7433
25 73 10.7301
25 74 10.742
25 75 10.7635
25 76 10.7448
25 77 10.7492
25 78 10.7739
25 79 10.7671
25 80 10.7272
25 81 10.7374
25 82 10.7569
25 83 10.7475
25 84 10.7617
25 85 10.7696
25 86 10.7325
25 87 10.7063
25 88 10.7771
25 89 10.7891
25 90 10.7312
25 91 10.7747
25 92 10.7486
25 93 10.774
26 1 10.7504
26 2 10.7468
26 3 10.7335
26 4 10.7553
26 5 10.7347
26 6 10.7528
26 7 10.7559
26 8 10.7402
26 9 10.7622
26 10 10.762
26 11 10.6963
26 12 10.7399
26 13 10.7413
26 14 10.7613
26 15 10.6985
26 16 10.7507
26 17 10.7438
26 18 10.7189
26 19 10.7162
26 20 10.749
26 21 10.7495
26 22 10.7599
26 23 10.7574
26 24 10.7477
26 25 0.0873184
26 26 21.8746
26 27 10.7558
26 28 10.774
26 29 10.7349
26 30 10.737
26 31 10.8182
26 32 10.7655
26 33 10.7911
26 34 10.7496
26 35 10.7458
26 36 10.7346
26 37 10.7602
26 38 10.7415
26 39 10.7704
26 40 10.7326
26 41 10.7506
26 42 10.76
26 43 10.771
26 44 10.7354
26 45 10.7187
26 46 10.7369
26 47 10.7696
26 48 10.7559
26 49 10.7471
26 50 10.7614
26 51 10.7512
26 52 10.7631
26 53 10.7505
26 54 10.7396
26 55 10.7454
26 56 10.7435
26 57 10.7492
26 58 10.7503
26 59 10.728
26 60 10.782
26 61 10.7394
26 62 10.7423
26 63 10.7334
26 64 10.7463
26 65 10.7409
26 66 10.7559
26 67 10.748
26 68 10.7317
26 69 10.757
26 70 10.764
26 71 10.7455
26 72 10.7438
26 73 10.7516
26 74 10.7341
26 75 10.7536
26 76 10.7727
26 77 10.7452
26 78 10.746
26 79 10.7281
26 80 10.7133
26 81 10.7647
26 82 10.7328
26 83 10.7529
26 84 10.7589
26 85 10.7354
26 86 10.7495
26 87 10.7549
26 88 10.7468
26 89 10.7167
26 90 10.7477
26 91 10.7397
26 92 10.7658
26 93 10.735
27 1 10.7737
27 2 10.735
27 3 10.7501
27 4 10.7365
27 5 10.7417
27 6 10.7622
27 7 10.7495
27 8 10.7551
27 9 10.7523
27 10 10.7351
27 11 10.7483
27 12 10.7418
27 13 10.7632
27 14 10.7825
27 15 10.6401
27 16 10.7571
27 17 10.7537
27 18 10.7652
27 19 10.7564
27 20 10.6979
27 21 10.6947
27 22 10.7415
27 23 10.7594
27 24 10.762
27 25 10.7426
27 26 10.7558
27 27 11.8049
27 28 10.7455
27 29 10.755
27 30 10.7477
27 31 10.7723
27 32 10.758
27 33 10.7455
27 34 10.7521
27 35 10.7454
27 36 10.7504
27 37 10.7368
27 38 10.7504
27 39 10.7527
27 40 10.6436
27 41 10.6975
27 42 10.7171
27 43 10.7579
27 44 10.7369
27 45 10.7429
27 46 10.7486
27 47 10.738
27 48 10.7313
27 49 10.7397
27 50 10.7707
27 51 10.751
27 52 10.7727
27 53 10.7563
27 54 10.743
27 55 10.7224
27 56 10.7436
27 57 10.7511
27 58 10.7573
27 59 10.7552
27 60 10.754
27 61 10.7504
27 62 10.7261
27 63 10.7274
27 64 10.699
27 65 10.7494
27 66 10.7493
27 67 10.7311
27 68 10.7443
27 69 10.7632
27 70 10.741
27 71 10.7672
27 72 10.6787
27 73 10.7161
27 74 10.7039
27 75 10.7378
27 76 10.7582
27 77 10.7417
27 78 10.7164
27 79 10.7369
27 80 10.7318
27 81 10.7459
27 82 10.7595
27 83 10.7682
27 84 10.7278
27 85 10.7172
27 86 10.7498
27 87 10.7064
27 88 10.6986
27 89 10.7711
27 90 10.7261
27 91 10.7586
27 92 10.7227
27 93 10.7773
28 1 10.7502
28 2 10.7468
28 3 10.7502
28 4 10.76
28 5 10.7201
28 6 10.7555
28 7 10.7458
28 8 10.7365
28 9 10.7556
28 10 10.7368
28 11 10.7474
28 12 10.7574
28 13 10.7342
28 14 10.7268
28 15 10.7606
28 16 10.7335
28 17 10.7627
28 18 10.7722
28 19 10.731
28 20 10.7506
28 21 10.7517
28 22 10.7549
28 23 10.7578
28 24 10.7532
28 25 10.7388
28 26 10.774
28 27 10.7455
28 28 12.2606
28 29 10.6403
28 30 10.6757
28 31 10.7682
28 32 10.7563
28 33 10.777
28 34 10.7319
28 35 10.767
28 36 10.768
28 37 10.7536
28 38 10.7405
28 39 10.7541
28 40 10.7416
28 41 10.7617
28 42 10.735
28 43 10.5836
28 44 10.2391
28 45 10.7332
28 46 10.7597
28 47 10.7584
28 48 10.757
28 49 10.7351
28 50 10.7391
28 51 10.7296
28 52 10.7612
28 53 10.7382
28 54 10.7447
28 55 10.749
28 56 10.7659
28 57 10.4765
28 58 10.7636
28 59 10.7578
28 60 10.7456
28 61 10.7437
28 62 10.7564
28 63 10.7339
28 64 10.7754
28 65 10.7762
28 66 10.7402
28 67 10.7482
28 68 10.7554
28 69 10.7613
28 70 10.7483
28 71 10.7572
28 72 10.7451
28 73 10.7206
28 74 10.7481
28 75 10.7623
28 76 10.7557
28 77 10.7532
28 78 10.7582
28 79 10.7511
28 80 10.7535
28 81 10.739
28 82 10.7644
28 83 10.7536
28 84 10.7687
28 85 10.7387
28 86 10.7378
28 87 10.7626
28 88 10.7136
28 89 10.7616
28 90 10.7157
28 91 10.6973
28 92 10.6782
28 93 10.7467
29 1 10.7624
29 2 10.7627
29 3 10.7569
29 4 10.7486
29 5 10.7611
29 6 10.7632
29 7 10.7559
29 8 10.7432
29 9 10.7451
29 10 10.7269
29 11 10.7374
29 12 10.7337
29 13 10.7351
29 14 10.6271
29 15 10.7549
29 16 10.7674
29 17 10.7571
29 18 10.7379
29 19 10.7248
29 20 10.7441
29 21 10.7435
29 22 10.7756
29 23 10.7338
29 24 10.7399
29 25 10.7607
29 26 10.7349
29 27 10.755
29 28 10.6403
29 29 11.9681
29 30 10.7296
29 31 10.7397
29 32 10.7226
29 33 10.7273
29 34 10.7533
29 35 10.7547
29 36 10.7495
29 37 10.7374
29 38 10.7452
29 39 10.746
29 40 10.7342
29 41 10.7418
29 42 10.7521
29 43 10.6011
29 44 10.6186
29 45 10.7065
29 46 10.7503
29 47 10.7554
29 48 10.7602
29 49 10.7491
29 50 10.7283
29 51 10.6957
29 52 10.7334
29 53 10.7574
29 54 10.7789
29 55 10.7625
29 56 10.7444
29 57 10.6349
29 58 10.7277
29 59 10.767
29 60 10.7592
29 61 10.7564
29 62 10.7452
29 63 10.7346
29 64 10.7402
29 65 10.7698
29 66 10.7512
29 67 10.7534
29 68 10.7414
29 69 10.771
29 70 10.7662
29 71 10.7704
29 72 10.7548
29 73 10.7676
29 74 10.7613
29 75 10.7353
29 76 10.7301
29 77 10.752
29 78 10.7254
29 79 10.7474
29 80 10.753
29 81 10.7553
29 82 10.7253
29 83 10.7598
29 84 10.7305
29 85 10.7652
29 86 10.7513
29 87 10.7609
29 88 10.7391
29 89 10.7543
29 90 10.7294
29 91 10.678
29 92 10.7041
29 93 10.7588
30 1 10.7403
30 2 10.768
30 3 10.749
30 4 10.7514
30 5 10.7105
30 6 10.7544
30 7 10.7648
30 8 10.7559
30 9 10.7654
30 10 10.7271
30 11 10.7518
30 12 10.7518
30 13 10.7641
30 14 10.6871
30 15 10.7342
30 16 10.7409
30 17 10.7504
30 18 10.7623
30 19 10.7475
30 20 10.7561
30 21 10.7559
30 22 10.7511
30 23 10.7483
30 24 10.75
30 25 10.7559
30 26 10.737
30 27 10.7477
30 28 10.6757
30 29 10.7296
30 30 11.8826
30 31 10.7753
30 32 10.7644
30 33 10.7592
30 34 10.7587
30 35 10.754
30 36 10.7467
30 37 10.7607
30 38 10.7065
30 39 10.7429
30 40 10.7439
30 41 10.7422
30 42 10.7553
30 43 10.7522
30 44 10.7045
30 45 10.758
30 46 10.7269
30 47 10.7658
30 48 10.7604
30 49 10.7401
30 50 10.685
30 51 10.7036
30 52 10.7369
30 53 10.7421
30 54 10.7542
30 55 10.7612
30 56 10.7457
30 57 10.6873
30 58 10.7298
30 59 10.7359
30 60 10.7543
30 61 10.7251
30 62 10.7475
30 63 10.7587
30 64 10.749
30 65 10.7643
30 66 10.7503
30 67 10.7532
30 68 10.7218
30 69 10.7582
30 70 10.7217
30 71 10.7379
30 72 10.772
30 73 10.7583
30 74 10.7232
30 75 10.7635
30 76 10.7514
30 77 10.7473
30 78 10.7384
30 79 10.7641
30 80 10.7258
30 81 10.7306
30 82 10.7519
30 83 10.7093
30 84 10.7599
30 85 10.7575
30 86 10.7445
30 87 10.7617
30 88 10.6584
30 89 10.7561
30 90 10.7176
30 91 10.64
30 92 10.6115
30 93 10.7491
31 1 10.7454
31 2 10.734
31 3 10.7104
31 4 10.795
31 5 10.7448
31 6 10.749
31 7 10.6474
31 8 10.8491
31 9 10.7766
31 10 10.7617
31 11 10.7397
31 12 10.7474
31 13 10.762
31 14 10.7646
31 15 10.7588
31 16 10.7619
31 17 10.7407
31 18 10.7732
31 19 10.7283
31 20 10.7449
31 21 10.7575
31 22 10.7405
31 23 10.7515
31 24 10.766
31 25 10.6881
31 26 10.8182
31 27 10.7723
31 28 10.7682
31 29 10.7397
31 30 10.7753
31 31 23.4043
31 32 10.6649
31 33 10.7636
31 34 10.754
31 35 10.7529
31 36 10.7557
31 37 10.7584
31 38 10.7513
31 39 10.7495
31 40 10.7444
31 41 10.766
31 42 10.7297
31 43 10.7384
31 44 10.7872
31 45 10.7429
31 46 10.7546
31 47 10.7559
31 48 10.7381
31 49 10.7746
31 50 10.7067
31 51 10.7572
31 52 10.74
31 53 10.7568
31 54 10.7451
31 55 10.7639
31 56 10.7499
31 57 10.7108
31 58 10.7593
31 59 10.8327
31 60 10.6632
31 61 10.7597
31 62 10.7588
31 63 10.7723
31 64 10.7529
31 65 10.7487
31 66 10.7553
31 67 10.7562
31 68 10.7625
31 69 10.74
31 70 10.7373
31 71 10.753
31 72 10.7468
31 73 10.7437
31 74 10.586
31 75 10.7379
31 76 10.752
31 77 10.7689
31 78 10.7918
31 79 4.97887
31 80 10.7633
31 81 10.7646
31 82 10.7425
31 83 10.7518
31 84 10.7635
31 85 10.7576
31 86 10.7507
31 87 10.5686
31 88 10.2361
31 89 4.78149
31 90 10.7645
31 91 10.7551
31 92 10.7719
31 93 10.7415
32 1 10.7427
32 2 10.7755
32 3 10.7778
32 4 10.7383
32 5 10.7639
32 6 10.7253
32 7 10.7448
32 8 10.7583
32 9 10.7524
32 10 10.7119
32 11 10.7587
32 12 10.7166
32 13 10.7252
32 14 10.7409
32 15 10.748
32 16 10.7448
32 17 10.7512
32 18 10.7353
32 19 10.7272
32 20 10.7399
32 21 10.7463
32 22 10.7714
32 23 10.7501
32 24 10.7222
32 25 10.7381
32 26 10.7655
32 27 10.758
32 28 10.7563
32 29 10.7226
32 30 10.7644
32 31 10.6649
32 32 11.8638
32 33 10.7516
32 34 10.733
32 35 10.7621
32 36 10.7358
32 37 10.7444
32 38 10.7089
32 39 10.7329
32 40 10.7769
32 41 10.7339
32 42 10.7554
32 43 10.7301
32 44 10.7661
32 45 10.7582
32 46 10.7551
32 47 10.7477
32 48 10.7568
32 49 10.6987
32 50 10.7207
32 51 10.7685
32 52 10.7357
32 53 10.7564
32 54 10.7539
32 55 10.7403
32 56 10.7424
32 57 10.7413
32 58 10.723
32 59 10.7506
32 60 10.7476
32 61 10.7149
32 62 10.7235
32 63 10.736
32 64 10.7351
32 65 10.7559
32 66 10.7404
32 67 10.7551
32 68 10.6945
32 69 10.7434
32 70 10.7027
32 71 10.7409
32 72 10.7719
32 73 10.7445
32 74 10.7364
32 75 10.7543
32 76 10.7538
32 77 10.7229
32 78 10.7293
32 79 10.6879
