1 1 1.13624
1 2 -0.00286483
1 3 -0.000616532
1 4 -0.00147606
1 5 -0.00144391
1 6 -0.00225689
1 7 -0.000850736
1 8 -0.00300137
1 9 -0.029972
1 10 0.000219809
1 11 -0.00386736
1 12 0.000186511
1 13 -0.00340485
1 14 -0.00148077
1 15 0.000180645
1 16 -0.00790294
1 17 -0.000983913
1 18 -0.000931147
1 19 -0.0033905
1 20 -0.000578562
1 21 0.000116263
1 22 -0.000259292
1 23 -0.00061361
1 24 -0.00445898
1 25 -0.00241562
1 26 -0.00172016
1 27 -0.000899968
1 28 -0.00234226
1 29 -0.00304314
1 30 -0.00137608
1 31 -0.00116884
1 32 -0.000685295
1 33 0.000288432
1 34 0.000382996
1 35 0.000340063
1 36 -0.0034302
1 37 -0.00165114
1 38 -0.00197999
1 39 0.000218315
1 40 0.000189304
1 41 0.000157854
1 42 0.000197283
1 43 -0.00231524
1 44 -0.00234667
1 45 -0.00111432
1 46 0.000103971
1 47 -0.0189254
1 48 -0.0133902
1 49 -0.0013003
1 50 -0.00235283
1 51 -0.00218273
1 52 -0.00126039
1 53 0.000212637
1 54 0.000259089
1 55 -0.000245521
1 56 -4.6496e-05
1 57 -0.00107828
1 58 -0.00196999
1 59 -0.00101058
1 60 -0.00179523
1 61 -0.000782903
1 62 -0.0020184
1 63 -0.000511037
1 64 -0.00220503
1 65 6.93692e-05
1 66 -0.00976665
1 67 -0.015621
1 68 -0.00287611
1 69 -0.00491069
1 70 -0.000581135
1 71 -0.00312146
1 72 -0.00144269
1 73 -0.00108644
1 74 -0.0051507
1 75 -0.0282617
1 76 -0.0542519
1 77 0.00013495
1 78 0.000136875
1 79 -0.00125178
1 80 6.15216e-05
1 81 -0.000824373
1 82 -0.000214421
1 83 -0.000741133
1 84 -0.0191943
1 85 -0.0107656
1 86 -0.000479904
1 87 -0.00215071
1 88 -0.000791993
1 89 -0.00113877
1 90 -0.00367334
1 91 -0.00193741
1 92 -0.00146991
1 93 0.000307919
2 1 -0.00286483
2 2 1.1676
2 3 -0.0366526
2 4 -0.0191144
2 5 -0.000141061
2 6 -0.00182613
2 7 -0.00969019
2 8 -0.0161559
2 9 -0.00429945
2 10 -0.00415151
2 11 -0.00421838
2 12 -0.00214792
2 13 -0.00178788
2 14 -0.00332729
2 15 -0.000302208
2 16 -0.000915241
2 17 -0.00158419
2 18 -0.411529
2 19 0.000322619
2 20 -0.0060474
2 21 -0.00126148
2 22 -0.0790757
2 23 -0.109418
2 24 -0.00135407
2 25 5.36809e-05
2 26 0.000162032
2 27 -0.000725732
2 28 -0.00195689
2 29 -0.00383834
2 30 -0.00391758
2 31 0.000900002
2 32 -0.00620651
2 33 -0.000470716
2 34 -0.000467403
2 35 -0.000148751
2 36 -0.00107337
2 37 -0.00155682
2 38 -0.00169473
2 39 -0.00406359
2 40 -0.00181312
2 41 -0.00304103
2 42 -0.0052121
2 43 -0.00582456
2 44 4.17058e-05
2 45 -0.000661747
2 46 -0.00367819
2 47 -0.000634736
2 48 -0.00176286
2 49 -0.00287938
2 50 -0.000277698
2 51 -0.000957691
2 52 -0.00147996
2 53 8.19615e-05
2 54 0.000296403
2 55 -0.000277506
2 56 0.000321888
2 57 -0.00386648
2 58 -0.000802565
2 59 -0.0149908
2 60 -0.00825343
2 61 0.000373767
2 62 -0.000582687
2 63 -0.00539919
2 64 -0.000809204
2 65 0.000201235
2 66 -0.00159912
2 67 -0.00253417
2 68 -0.00301972
2 69 -0.000443943
2 70 -0.00409278
2 71 -0.00121652
2 72 -0.00147999
2 73 -0.00330531
2 74 -0.00229115
2 75 -0.00235335
2 76 -0.00125072
2 77 0.000833884
2 78 -0.00158625
2 79 -0.000550806
2 80 0.0012521
2 81 -0.00267741
2 82 0.000355068
2 83 -0.000859459
2 84 -0.00354081
2 85 -0.00221092
2 86 -8.66679e-05
2 87 -0.000208503
2 88 -0.00231453
2 89 -0.000753958
2 90 2.52199e-05
2 91 0.000375222
2 92 -0.00227584
2 93 -0.000569418
3 1 -0.000616532
3 2 -0.0366526
3 3 3.81434
3 4 -3.32862
3 5 -0.00200775
3 6 -0.00150413
3 7 -0.0542715
3 8 -0.0410322
3 9 -0.000408185
3 10 -0.00137586
3 11 -0.000737263
3 12 -0.000304855
3 13 -0.000358785
3 14 -0.00303134
3 15 -0.00337812
3 16 -0.00100964
3 17 -0.000201103
3 18 -0.030878
3 19 -0.000542853
3 20 -0.00343911
3 21 -0.000322576
3 22 -0.0229718
3 23 -0.004945
3 24 -0.00115805
3 25 0.000180043
3 26 2.5291e-05
3 27 -0.00108646
3 28 -0.00147407
3 29 -0.00251615
3 30 -0.00201819
3 31 0.00162172
3 32 -0.00523719
3 33 0.000787768
3 34 0.000761812
3 35 0.00050723
3 36 0.000180223
3 37 -0.000954679
3 38 -0.00143886
3 39 -0.00321959
3 40 -0.00256556
3 41 -0.00159899
3 42 -0.00324192
3 43 -0.00234016
3 44 -0.00103828
3 45 -0.00167076
3 46 -0.000256624
3 47 0.00035504
3 48 0.000535409
3 49 -0.000690776
3 50 -0.00228819
3 51 -0.00206357
3 52 -0.000662851
3 53 0.000481726
3 54 -0.000698172
3 55 3.41804e-05
3 56 -0.000473445
3 57 -0.000663493
3 58 -0.000892319
3 59 -0.00479464
3 60 -0.00680511
3 61 -0.000743153
3 62 -0.000386872
3 63 -0.00139473
3 64 -0.00197507
3 65 0.000170027
3 66 -0.00169431
3 67 -0.00115117
3 68 -0.00290568
3 69 0.000184799
3 70 -0.00285725
3 71 -0.000513856
3 72 -0.000156758
3 73 -0.00156547
3 74 -0.00158001
3 75 -0.000175662
3 76 0.000298391
3 77 0.000324786
3 78 -0.000683826
3 79 -0.00608926
3 80 9.33548e-06
3 81 0.000334923
3 82 -0.000207524
3 83 0.000384387
3 84 -0.000635058
3 85 0.000168366
3 86 0.00014733
3 87 -0.00158553
3 88 -0.00241139
3 89 0.00274713
3 90 -0.00066246
3 91 -0.00130335
3 92 -0.00206525
3 93 -6.02541e-05
4 1 -0.00147606
4 2 -0.0191144
4 3 -3.32862
4 4 3.80128
4 5 -0.000487257
4 6 -0.00154835
4 7 -0.0265387
4 8 -0.0498356
4 9 0.000255682
4 10 -0.00264773
4 11 -0.000752451
4 12 -0.00195043
4 13 0.000175399
4 14 -0.00209257
4 15 0.000452882
4 16 -0.000155882
4 17 -5.63245e-05
4 18 -0.0343628
4 19 -0.000156054
4 20 -0.00308505
4 21 -0.000204831
4 22 -0.0143584
4 23 -0.00450925
4 24 -0.000608971
4 25 -2.5904e-05
4 26 5.01356e-05
4 27 -3.83292e-05
4 28 -0.0019627
4 29 -0.00173977
4 30 -0.00180802
4 31 -0.00256003
4 32 -0.00147174
4 33 -0.000218272
4 34 0.000472179
4 35 0.000385366
4 36 -0.000144464
4 37 -0.000315448
4 38 -0.000147082
4 39 -0.00392744
4 40 -0.001506
4 41 -0.00120437
4 42 -0.00375462
4 43 -0.00125297
4 44 -0.000425832
4 45 -0.00054053
4 46 -0.000116168
4 47 -0.000753451
4 48 0.000453232
4 49 -0.00200036
4 50 -0.000713961
4 51 -0.00151858
4 52 -0.00102304
4 53 6.25707e-05
4 54 -0.000196843
4 55 -0.000362427
4 56 -0.00181983
4 57 -0.00343886
4 58 -0.00123253
4 59 -0.00747149
4 60 -9.25959e-05
4 61 0.000127281
4 62 -7.21472e-05
4 63 -0.00182772
4 64 -0.00217346
4 65 -7.07797e-06
4 66 -0.00101355
4 67 -0.00255883
4 68 -0.00294743
4 69 -0.000192098
4 70 -0.00295611
4 71 -0.000348265
4 72 -0.000933212
4 73 -0.000994143
4 74 -7.66284e-05
4 75 -0.00122815
4 76 -0.000299749
4 77 0.000352488
4 78 -0.000402687
4 79 0.00331565
4 80 -7.29489e-05
4 81 -5.87745e-05
4 82 -0.000848623
4 83 0.000124973
4 84 -0.000723087
4 85 -0.000273006
4 86 6.48461e-05
4 87 0.000144635
4 88 -0.00150058
4 89 -0.00302717
4 90 -0.000170144
4 91 -0.00133058
4 92 -0.00282535
4 93 -9.45288e-05
5 1 -0.00144391
5 2 -0.000141061
5 3 -0.00200775
5 4 -0.000487257
5 5 1.05293
5 6 -0.000164004
5 7 -0.00122022
5 8 -0.000565207
5 9 -0.00169715
5 10 -6.20696e-05
5 11 0.00018479
5 12 0.000122404
5 13 -0.00180166
5 14 -0.00147997
5 15 -0.000566251
5 16 -0.000636188
5 17 -0.000749105
5 18 -0.00300613
5 19 -0.000252424
5 20 -0.00192861
5 21 -0.00108551
5 22 -0.000563437
5 23 -0.00547426
5 24 -0.000273484
5 25 0.000118564
5 26 4.0648e-05
5 27 0.000181217
5 28 -0.00164741
5 29 0.000504061
5 30 -0.00363047
5 31 0.000483982
5 32 0.000349122
5 33 -0.00182561
5 34 -0.00377319
5 35 -0.00194572
5 36 -0.000705188
5 37 -0.000227267
5 38 -0.0031304
5 39 0.000176551
5 40 -0.00058672
5 41 0.000211755
5 42 4.00284e-05
5 43 -6.77926e-05
5 44 -0.000546935
5 45 8.16352e-06
5 46 -3.87162e-05
5 47 -0.00209692
5 48 -0.00354143
5 49 -0.00123697
5 50 -0.000693026
5 51 -0.00181782
5 52 0.000114614
5 53 -0.00196043
5 54 -0.00021499
5 55 -0.00127892
5 56 1.07091e-05
5 57 0.000964982
5 58 5.09e-05
5 59 -0.000572183
5 60 -0.00124637
5 61 -8.72038e-05
5 62 0.000132979
5 63 0.000127034
5 64 3.46705e-05
5 65 -0.000318089
5 66 -0.000459616
5 67 -6.27494e-05
5 68 -0.00185078
5 69 -0.00338175
5 70 2.07316e-05
5 71 -0.000749183
5 72 -0.00126418
5 73 4.04485e-05
5 74 -0.000316922
5 75 -0.00297078
5 76 -0.00352318
5 77 -0.00210281
5 78 -0.000259998
5 79 0.000278291
5 80 2.64524e-05
5 81 7.75159e-05
5 82 -0.000332567
5 83 -2.30795e-05
5 84 -0.00322184
5 85 -0.00362833
5 86 -0.00108832
5 87 0.000153145
5 88 -0.00113284
5 89 -0.000164064
5 90 -0.000804798
5 91 -0.00125937
5 92 -0.00518696
5 93 -0.0014937
6 1 -0.00225689
6 2 -0.00182613
6 3 -0.00150413
6 4 -0.00154835
6 5 -0.000164004
6 6 0.816295
6 7 -0.00051107
6 8 -0.000660639
6 9 -0.00348746
6 10 -0.00017831
6 11 -0.00141483
6 12 -0.000359902
6 13 -0.000337883
6 14 -0.000366949
6 15 -0.000483529
6 16 -0.00365645
6 17 -0.000613307
6 18 -0.000922762
6 19 -0.00105279
6 20 -0.00233259
6 21 -0.00184054
6 22 -0.000579601
6 23 -0.00107601
6 24 -0.00106271
6 25 -0.00162378
6 26 -0.000997061
6 27 0.000104898
6 28 -0.000855658
6 29 -0.00109008
6 30 -0.000887153
6 31 -0.000938878
6 32 0.000422832
6 33 0.000217192
6 34 -0.00069367
6 35 -0.000180094
6 36 -0.000331604
6 37 -7.74899e-05
6 38 0.00020983
6 39 -0.000188893
6 40 -7.7634e-05
6 41 -0.000430002
6 42 -2.7537e-05
6 43 0.000370518
6 44 -0.00146583
6 45 -0.00118394
6 46 -0.000120728
6 47 0.00010498
6 48 0.000112922
6 49 -0.000422388
6 50 -0.000501806
6 51 -0.000750078
6 52 -0.000330582
6 53 -0.000451243
6 54 -7.89337e-05
6 55 -1.51672e-05
6 56 6.99723e-05
6 57 -0.00133705
6 58 0.000159944
6 59 -0.00219324
6 60 -0.000951656
6 61 -1.57908e-05
6 62 0.000147421
6 63 -0.00710429
6 64 -0.000244091
6 65 -0.000427232
6 66 -0.00359724
6 67 -0.000439937
6 68 0.000152817
6 69 -0.000767447
6 70 -0.000292897
6 71 -0.00207761
6 72 -0.000455792
6 73 0.000113218
6 74 -0.00236782
6 75 -0.00177732
6 76 -0.000868536
6 77 -0.000384934
6 78 -0.000162022
6 79 -0.000465309
6 80 -0.00346397
6 81 -0.00258676
6 82 -0.000257057
6 83 -0.000851774
6 84 -0.00573317
6 85 -0.00558009
6 86 -0.000245209
6 87 -0.00117376
6 88 0.000569231
6 89 -0.0020189
6 90 -0.000486129
6 91 -0.000378558
6 92 0.000365045
6 93 -0.000807937
7 1 -0.000850736
7 2 -0.00969019
7 3 -0.0542715
7 4 -0.0265387
7 5 -0.00122022
7 6 -0.00051107
7 7 4.82644
7 8 -4.29656
7 9 -0.000565075
7 10 -0.00266884
7 11 -0.002419
7 12 -0.000858054
7 13 -0.00378496
7 14 -0.00231253
7 15 -0.00127698
7 16 -0.00138909
7 17 0.000270992
7 18 -0.0179461
7 19 -0.00229864
7 20 -0.000691064
7 21 0.000486153
7 22 -0.00775443
7 23 -0.0021877
7 24 -0.00166403
7 25 -1.2013e-05
7 26 0.00016718
7 27 -0.000914787
7 28 -0.000502349
7 29 -0.00188322
7 30 -0.00291956
7 31 0.00495387
7 32 -0.0020585
7 33 0.00031219
7 34 0.000316381
7 35 0.000263831
7 36 -1.01503e-05
7 37 -0.00233158
7 38 -0.00197109
7 39 -0.00311295
7 40 -0.000364161
7 41 -0.00273387
7 42 -0.0010502
7 43 -0.00191123
7 44 -0.000521782
7 45 -0.000465691
7 46 -0.000421986
7 47 -0.00127066
7 48 -0.000369602
7 49 -0.00205684
7 50 -0.0019373
7 51 -0.000652084
7 52 -0.000259091
7 53 0.000385579
7 54 1.97884e-05
7 55 -0.000324408
7 56 -0.000443919
7 57 -0.00058307
7 58 -0.0011505
7 59 -0.00391428
7 60 -0.00999479
7 61 -0.000331606
7 62 -0.0011055
7 63 -0.00257668
7 64 -0.000330758
7 65 -0.000591686
7 66 -0.000700626
7 67 -0.000346745
7 68 -0.000111047
7 69 1.51382e-05
7 70 -0.00278751
7 71 -0.00154622
7 72 -0.000790428
7 73 -0.000654643
7 74 -0.00239258
7 75 -0.000810763
7 76 -0.00140507
7 77 0.000288515
7 78 -0.00179328
7 79 -0.000991318
7 80 0.000402309
7 81 -0.00295563
7 82 -0.000166098
7 83 -0.000674352
7 84 -0.00104756
7 85 -0.00113928
7 86 7.58899e-05
7 87 -0.00199536
7 88 -0.0016687
7 89 -0.0055528
7 90 0.000118794
7 91 -0.000834097
7 92 -0.00190772
7 93 0.000347888
8 1 -0.00300137
8 2 -0.0161559
8 3 -0.0410322
8 4 -0.0498356
8 5 -0.000565207
8 6 -0.000660639
8 7 -4.29656
8 8 4.86211
8 9 -0.000808715
8 10 -0.00171745
8 11 -0.00186379
8 12 -0.00282361
8 13 -0.00173295
8 14 -0.000479332
8 15 -0.00362896
8 16 -0.00206643
8 17 8.56573e-05
8 18 -0.0155525
8 19 -0.00125188
8 20 -0.00311323
8 21 -0.00147668
8 22 -0.00791699
8 23 -0.00211279
8 24 -0.000128142
8 25 -0.000240802
8 26 2.16527e-05
8 27 -0.00206493
8 28 0.000186988
8 29 -0.000630589
8 30 -0.00169862
8 31 -0.00538852
8 32 -0.00262623
8 33 0.00024029
8 34 -6.39328e-05
8 35 0.00038917
8 36 -0.000250831
8 37 -0.00239927
8 38 -0.00155925
8 39 -0.00356633
8 40 -0.00303775
8 41 -0.00312597
8 42 -0.00256997
8 43 -0.000744704
8 44 -0.000433815
8 45 -0.000156768
8 46 -0.00112149
8 47 2.49091e-05
8 48 -0.000693828
8 49 -0.00102101
8 50 -0.00046521
8 51 -0.00128772
8 52 -0.000185431
8 53 0.000422163
8 54 0.000183052
8 55 -0.000775746
8 56 2.77041e-05
8 57 -0.000560819
8 58 -3.88862e-05
8 59 -0.0163783
8 60 0.00261944
8 61 -0.000399131
8 62 -3.21753e-05
8 63 -0.00220535
8 64 0.000159764
8 65 -0.000572528
8 66 -0.00153882
8 67 -0.00169029
8 68 -0.000137634
8 69 -0.00047732
8 70 -0.00252774
8 71 -0.000757803
8 72 -0.00217103
8 73 -0.00220133
8 74 -0.000910382
8 75 -0.00137682
8 76 -0.0014597
8 77 0.000235525
8 78 -0.00136316
8 79 -0.00113452
8 80 0.00159379
8 81 -0.00601983
8 82 -0.000452079
8 83 -0.00042076
8 84 -0.0011049
8 85 -0.00173509
8 86 0.000107583
8 87 -0.00252941
8 88 -0.000514927
8 89 0.0041108
8 90 -9.81292e-05
8 91 -0.0012136
8 92 -0.0018869
8 93 0.000175791
9 1 -0.029972
9 2 -0.00429945
9 3 -0.000408185
9 4 0.000255682
9 5 -0.00169715
9 6 -0.00348746
9 7 -0.000565075
9 8 -0.000808715
9 9 0.924172
9 10 0.000181085
9 11 -0.00270081
9 12 -0.000103047
9 13 -0.00301644
9 14 -0.00255775
9 15 -8.73802e-06
9 16 -0.00684889
9 17 5.78695e-05
9 18 0.00137939
9 19 -0.00522931
9 20 0.000140372
9 21 -0.000621536
9 22 0.000282542
9 23 -0.000251211
9 24 -0.00227187
9 25 -0.00213585
9 26 -0.00212443
9 27 0.000179851
9 28 -0.0040271
9 29 -0.0022703
9 30 -0.00545335
9 31 -0.00475061
9 32 -0.00186741
9 33 -0.000209464
9 34 0.000599339
9 35 0.000592815
9 36 -0.00330777
9 37 0.0005836
9 38 -0.0012168
9 39 0.000136396
9 40 5.79503e-05
9 41 -0.000743999
9 42 9.40938e-05
9 43 -0.00100509
9 44 -0.00420722
9 45 -0.0019486
9 46 7.72691e-05
9 47 -0.0239
9 48 -0.0166594
9 49 0.000162687
9 50 -0.00606699
9 51 -0.00434149
9 52 -0.00329131
9 53 0.00042645
9 54 0.00046794
9 55 -5.04655e-05
9 56 -0.00020539
9 57 -0.00574632
9 58 -0.00323759
9 59 -2.78986e-05
9 60 -0.000495809
9 61 -0.00197913
9 62 -0.000260338
9 63 -0.00232795
9 64 -0.00244043
9 65 -9.20269e-05
9 66 -0.0123813
9 67 -0.00882258
9 68 -0.00182195
9 69 -0.0043526
9 70 -0.000610067
9 71 -0.0010619
9 72 -0.000261504
9 73 -0.000380028
9 74 -0.00413721
9 75 -0.053063
9 76 -0.0371698
9 77 5.3623e-05
9 78 -0.000219966
9 79 -0.00150186
9 80 0.000429333
9 81 -0.00167192
9 82 0.000217054
9 83 3.7446e-05
9 84 -0.0394721
9 85 -0.0245144
9 86 -0.00042936
9 87 -0.000100045
9 88 -0.00308452
9 89 -0.0024417
9 90 -0.00396072
9 91 -0.00454737
9 92 -0.0015513
9 93 0.000222856
10 1 0.000219809
10 2 -0.00415151
10 3 -0.00137586
10 4 -0.00264773
10 5 -6.20696e-05
10 6 -0.00017831
10 7 -0.00266884
10 8 -0.00171745
10 9 0.000181085
10 10 0.97006
10 11 -0.00207697
10 12 -0.00357776
10 13 7.59078e-05
10 14 -0.00105975
10 15 -0.000287336
10 16 -0.000477415
10 17 -0.000649136
10 18 -0.00533742
10 19 -0.000445739
10 20 -0.000279007
10 21 -8.95224e-06
10 22 -0.00574976
10 23 -0.0026775
10 24 -7.02125e-05
10 25 -0.00184002
10 26 -0.00176387
10 27 0.000226663
10 28 -0.000515796
10 29 -0.00115378
10 30 -0.0010189
10 31 -0.00113489
10 32 -0.00075659
10 33 -0.00199653
10 34 -0.00235785
10 35 -0.0015819
10 36 -0.00106236
10 37 -0.00470734
10 38 -0.00266232
10 39 -0.00175316
10 40 0.000203931
10 41 8.9704e-05
10 42 5.99561e-05
10 43 -3.99757e-05
10 44 -0.000275218
10 45 -6.08412e-05
10 46 -8.30373e-05
10 47 0.000244421
10 48 -0.000134522
10 49 -0.00344019
10 50 -0.000804514
10 51 -0.000877408
10 52 -0.00236328
10 53 -0.00436933
10 54 -0.00101846
10 55 -0.000362418
10 56 -0.000117655
10 57 -5.64536e-05
10 58 -0.000756225
10 59 -0.00509146
10 60 -0.00222591
10 61 -0.00187365
10 62 -0.00242295
10 63 0.000106751
10 64 -8.99726e-05
10 65 -0.000163952
10 66 -0.000777814
10 67 -0.000191157
10 68 -0.00198395
10 69 -0.0011477
10 70 -0.00202672
10 71 0.000233354
10 72 -0.000379397
10 73 0.000183532
10 74 0.000181807
10 75 4.03402e-05
10 76 0.000182786
10 77 -0.00220264
10 78 -9.15334e-05
10 79 -0.00104199
10 80 -0.00039699
10 81 -0.0023696
10 82 -0.000443333
10 83 5.92591e-05
10 84 0.000133408
10 85 0.00019679
10 86 -4.94103e-05
10 87 -0.000404421
10 88 0.00116524
10 89 -0.00158574
10 90 -0.000200552
10 91 -0.000222188
10 92 -0.00090276
10 93 -0.00132425
11 1 -0.00386736
11 2 -0.00421838
11 3 -0.000737263
11 4 -0.000752451
11 5 0.00018479
11 6 -0.00141483
11 7 -0.002419
11 8 -0.00186379
11 9 -0.00270081
11 10 -0.00207697
11 11 0.739555
11 12 -0.000785146
11 13 -0.000248032
11 14 0.000260396
11 15 -0.000921294
11 16 -0.00115518
11 17 -0.00175655
11 18 -0.00478922
11 19 0.000208199
11 20 -0.00087642
11 21 -0.00201316
11 22 -0.00153781
11 23 0.000647336
11 24 -0.00225105
11 25 -0.00351219
11 26 -0.0041271
11 27 -0.000953459
11 28 0.000351821
11 29 0.000351172
11 30 0.000256582
11 31 0.000404201
11 32 -0.00123502
11 33 -0.000826279
11 34 -0.000129869
11 35 -0.000336791
11 36 -0.00194251
11 37 -0.000138107
11 38 -0.000329562
11 39 -0.000497751
11 40 -0.00075493
11 41 -0.00260093
11 42 -0.00230352
11 43 0.000255008
11 44 0.000251053
11 45 -0.000409889
11 46 7.57769e-05
11 47 -0.00226264
11 48 -0.00300372
11 49 -0.000981432
11 50 5.75098e-05
11 51 -0.00041147
11 52 0.000196445
11 53 -0.00190952
11 54 -0.00148947
11 55 -1.61984e-05
11 56 1.05554e-05
11 57 0.000155888
11 58 -0.000244681
11 59 -0.00249567
11 60 -0.00204258
11 61 -0.000259659
11 62 9.19363e-05
11 63 -0.00261251
11 64 -0.000281542
11 65 -0.000301064
11 66 -0.00138898
11 67 -0.00189758
11 68 -0.00216053
11 69 -0.00201278
11 70 -0.00137048
11 71 -0.00239992
11 72 -0.00130872
11 73 -0.000382685
11 74 0.000286601
11 75 -0.00452074
11 76 -0.00353157
11 77 -0.000755972
11 78 -0.00197939
11 79 0.000583309
11 80 0.000433591
11 81 -0.00135126
11 82 5.53823e-05
11 83 -6.72337e-05
11 84 -0.00311059
11 85 -0.00255884
11 86 -0.00199045
11 87 -0.00121229
11 88 -0.00161106
11 89 0.000574427
11 90 -0.000520433
11 91 0.000307327
11 92 0.000306458
11 93 0.000573764
12 1 0.000186511
12 2 -0.00214792
12 3 -0.000304855
12 4 -0.00195043
12 5 0.000122404
12 6 -0.000359902
12 7 -0.000858054
12 8 -0.00282361
12 9 -0.000103047
12 10 -0.00357776
12 11 -0.000785146
12 12 0.892324
12 13 0.000103452
12 14 -0.000167834
12 15 -0.000590112
12 16 5.34156e-05
12 17 -0.000546878
12 18 -0.0036548
12 19 7.57148e-05
12 20 0.000108327
12 21 -0.000386479
12 22 -0.00191228
12 23 -0.00102752
12 24 -0.000204111
12 25 -0.00108614
12 26 -0.000239492
12 27 5.72684e-05
12 28 0.000179936
12 29 -2.57248e-05
12 30 0.000225382
12 31 -0.000120332
12 32 -0.000329069
12 33 -0.00104477
12 34 -0.000942348
12 35 -0.000663918
12 36 -0.000702082
12 37 -0.00413055
12 38 -0.00198379
12 39 -0.000562187
12 40 0.000147961
12 41 0.000190689
12 42 0.00013686
12 43 4.93035e-05
12 44 0.000127983
12 45 6.0692e-05
12 46 -0.000296763
12 47 -0.000141818
12 48 -9.68623e-05
12 49 -0.000713488
12 50 0.000103281
12 51 -4.76941e-05
12 52 -0.00243708
12 53 -0.00132483
12 54 -0.00023687
12 55 1.23574e-05
12 56 -5.05113e-05
12 57 0.000157069
12 58 8.7926e-06
12 59 -0.00225595
12 60 -0.00124189
12 61 -0.00124678
12 62 -0.00140583
12 63 5.03282e-05
12 64 -4.34494e-07
12 65 -0.000644043
12 66 0.000203506
12 67 -0.000634312
12 68 -0.00196825
12 69 -0.00123101
12 70 -0.000834398
12 71 -0.000478415
12 72 -0.000552628
12 73 0.000118587
12 74 -0.000579402
12 75 1.44822e-05
12 76 0.000161166
12 77 -0.000397375
12 78 0.000143985
12 79 -0.00115613
12 80 -0.0010697
12 81 -0.000863117
12 82 -0.000420152
12 83 -6.30257e-05
12 84 -0.000305013
12 85 -9.16391e-05
12 86 -0.00781947
12 87 8.40635e-05
12 88 0.000490765
12 89 -0.00103208
12 90 -5.21752e-05
12 91 0.000110533
12 92 3.57195e-05
12 93 -0.000596474
13 1 -0.00340485
13 2 -0.00178788
13 3 -0.000358785
13 4 0.000175399
13 5 -0.00180166
13 6 -0.000337883
13 7 -0.00378496
13 8 -0.00173295
13 9 -0.00301644
13 10 7.59078e-05
13 11 -0.000248032
13 12 0.000103452
13 13 1.08425
13 14 -0.00226733
13 15 -0.000293996
13 16 -0.00171015
13 17 -0.000328213
13 18 0.000319305
13 19 -0.00393244
13 20 0.00014407
13 21 7.53152e-05
13 22 -0.00258164
13 23 -0.000147023
13 24 -0.000364149
13 25 4.83775e-06
13 26 7.01866e-05
13 27 -0.000510161
13 28 9.25896e-06
13 29 -0.000366807
13 30 0.000399131
13 31 0.000600783
13 32 -0.000800001
13 33 -0.00178491
13 34 -0.00132069
13 35 3.40332e-05
13 36 9.26332e-05
13 37 7.02298e-05
13 38 -1.62879e-05
13 39 0.000146331
13 40 -0.000640461
13 41 9.92383e-05
13 42 0.000144378
13 43 5.01095e-05
13 44 0.000408436
13 45 -0.00159555
13 46 -0.00110283
13 47 -0.00015174
13 48 -0.00108856
13 49 0.000229536
13 50 0.000138654
13 51 0.00024239
13 52 -0.000241177
13 53 -0.00100348
13 54 0.000386768
13 55 -0.000316508
13 56 -0.000448194
13 57 0.000126285
13 58 -0.0337175
13 59 -0.00126904
13 60 -0.00169981
13 61 -0.000638794
13 62 5.24587e-05
13 63 2.48282e-05
13 64 -9.13566e-06
13 65 7.53885e-05
13 66 -0.000984125
13 67 -0.00335245
13 68 -0.00114055
13 69 -0.000786992
13 70 0.000125576
13 71 -0.00201713
13 72 0.000134318
13 73 -0.000954401
13 74 -0.0043036
13 75 -0.00121796
13 76 -0.00201585
13 77 -0.00123666
13 78 -0.000312199
13 79 0.00053383
13 80 -0.00264766
13 81 -0.00207781
13 82 -0.00052249
13 83 -0.000430829
13 84 -0.0010936
13 85 -0.00229005
13 86 -0.00063475
13 87 -0.00113639
13 88 -0.00163058
13 89 0.000122487
13 90 0.000185885
13 91 -0.00118958
13 92 -0.000350263
13 93 -0.00131951
14 1 -0.00148077
14 2 -0.00332729
14 3 -0.00303134
14 4 -0.00209257
14 5 -0.00147997
14 6 -0.000366949
14 7 -0.00231253
14 8 -0.000479332
14 9 -0.00255775
14 10 -0.00105975
14 11 0.000260396
14 12 -0.000167834
14 13 -0.00226733
14 14 1.09987
14 15 -0.000267263
14 16 -0.000173188
14 17 -0.000952828
14 18 -0.00153348
14 19 0.000350155
14 20 0.000221869
14 21 -0.00165137
14 22 -0.00246829
14 23 -0.0018686
14 24 -0.00197209
14 25 -3.87467e-05
14 26 -0.000638056
14 27 -0.00278703
14 28 -0.0135998
14 29 -0.0357013
14 30 -0.016526
14 31 0.000645221
14 32 -0.000492349
14 33 -0.00367425
14 34 -0.0028035
14 35 -0.00511118
14 36 -0.00264677
14 37 0.000198428
14 38 -0.000765599
14 39 0.000105356
14 40 -0.000635745
14 41 -0.00032183
14 42 -0.000237839
14 43 -0.0233519
14 44 -8.22138e-05
14 45 0.000217509
14 46 -0.00145197
14 47 -0.00238126
14 48 -0.00287474
14 49 5.92583e-05
14 50 -0.00495594
14 51 -0.00758066
14 52 0.000221644
14 53 -0.00177741
14 54 -0.00169887
14 55 -0.000192092
14 56 -0.000619961
14 57 -0.0581774
14 58 -0.00108285
14 59 -0.000892598
14 60 -0.00158302
14 61 0.000212852
14 62 0.000131452
14 63 -0.000830134
14 64 -0.0015821
14 65 -0.000935387
14 66 -0.00158007
14 67 -0.00133134
14 68 -0.00798236
14 69 -0.00327565
14 70 0.000254362
14 71 -0.000637152
14 72 -0.00230379
14 73 0.000237722
14 74 0.000538103
14 75 -0.00396887
14 76 -0.00496048
14 77 -0.00228544
14 78 0.000266172
14 79 0.000696393
14 80 -0.00201368
14 81 -0.00154624
14 82 -0.00168812
14 83 -0.00177649
14 84 -0.00275416
14 85 -0.00496469
14 86 8.79861e-05
14 87 8.69702e-05
14 88 -0.00209342
14 89 0.000647093
14 90 -0.00495178
14 91 -0.0394957
14 92 -0.0175962
14 93 -0.00512954
15 1 0.000180645
15 2 -0.000302208
15 3 -0.00337812
15 4 0.000452882
15 5 -0.000566251
15 6 -0.000483529
15 7 -0.00127698
15 8 -0.00362896
15 9 -8.73802e-06
15 10 -0.000287336
15 11 -0.000921294
15 12 -0.000590112
15 13 -0.000293996
15 14 -0.000267263
15 15 0.510579
15 16 -7.32927e-05
15 17 -0.00188126
15 18 -0.00252684
15 19 -0.000300666
15 20 -0.00454601
15 21 -0.00833415
15 22 0.000354908
15 23 -0.00369789
15 24 -0.000302095
15 25 0.000283795
15 26 -0.000212042
15 27 -0.0186225
15 28 -0.000698784
15 29 -0.000384253
15 30 0.000262933
15 31 0.000359178
15 32 -0.000130311
15 33 -0.000912632
15 34 -0.00270966
15 35 -0.00158152
15 36 -0.00114673
15 37 0.000454297
15 38 0.000211097
15 39 0.000113481
15 40 -0.0157277
15 41 -0.0184647
15 42 -0.0114149
15 43 0.000159615
15 44 -0.000934639
15 45 -8.47076e-05
15 46 -8.45986e-05
15 47 -0.00076599
15 48 -0.000124703
15 49 2.97068e-05
15 50 -0.000352766
15 51 -0.00093851
15 52 -0.00183402
15 53 -0.00189972
15 54 -0.001062
15 55 -7.09431e-05
15 56 -0.00189828
15 57 -0.00199022
15 58 0.000130232
15 59 -0.00173423
15 60 -0.000982523
15 61 -0.00095079
15 62 -0.000185897
15 63 -0.000935845
15 64 0.000127569
15 65 6.55434e-05
15 66 0.000114156
15 67 -0.00048565
15 68 3.92654e-05
15 69 -0.000299937
15 70 0.000145605
15 71 -0.000310734
15 72 -0.00418927
15 73 -0.00279025
15 74 2.05528e-05
15 75 9.96567e-05
15 76 8.47806e-05
15 77 -0.000777471
15 78 5.27625e-05
15 79 0.00031364
15 80 -0.000409695
15 81 -0.00054981
15 82 -0.000257688
15 83 -0.000208807
15 84 -2.99411e-05
15 85 0.000140658
15 86 -0.0015413
15 87 -0.00308411
15 88 -3.7437e-05
15 89 0.000414813
15 90 -0.000155321
15 91 -0.000224276
15 92 -0.000253144
15 93 -0.000901801
16 1 -0.00790294
16 2 -0.000915241
16 3 -0.00100964
16 4 -0.000155882
16 5 -0.000636188
16 6 -0.00365645
16 7 -0.00138909
16 8 -0.00206643
16 9 -0.00684889
16 10 -0.000477415
16 11 -0.00115518
16 12 5.34156e-05
16 13 -0.00171015
16 14 -0.000173188
16 15 -7.32927e-05
16 16 1.13317
16 17 -0.000207682
16 18 -0.00127301
16 19 -0.00121249
16 20 -0.000516873
16 21 0.000174542
16 22 0.000196142
16 23 -0.00111547
16 24 -0.0374147
16 25 -0.00329502
16 26 -0.00166583
16 27 -0.000673963
16 28 -0.000234512
16 29 -0.00278642
16 30 -0.000703821
16 31 -0.00321231
16 32 -3.33217e-05
16 33 0.000191631
16 34 0.000202649
16 35 0.000321396
16 36 -0.000574105
16 37 4.45349e-05
16 38 0.000214142
16 39 -0.00137869
16 40 0.000102522
16 41 0.000197867
16 42 -0.000576467
16 43 -0.00160302
16 44 -0.000900954
16 45 -0.0016562
16 46 -0.00115831
16 47 -0.00450406
16 48 -0.00219949
16 49 -0.00023826
16 50 -0.00223686
16 51 -0.00271689
16 52 -0.000182125
16 53 0.000299515
16 54 0.000243162
16 55 5.83652e-05
16 56 2.90196e-05
16 57 -0.000534509
16 58 -0.000296074
16 59 -0.000518657
16 60 -0.00147498
16 61 0.000183715
16 62 -1.22613e-06
16 63 7.58131e-05
16 64 -0.000452187
16 65 -0.000269943
16 66 -0.0174598
16 67 -0.0113176
16 68 -0.00120429
16 69 -0.00115492
16 70 -0.00504276
16 71 -0.0124794
16 72 0.000143869
16 73 -0.000597793
16 74 -0.00411019
16 75 -0.00524303
16 76 -0.00481498
16 77 -0.000163402
16 78 1.66442e-05
16 79 -0.000765379
16 80 -0.0011941
16 81 -0.000825373
16 82 0.000110149
16 83 8.52293e-05
16 84 -0.00202373
16 85 -0.00350272
16 86 2.40136e-05
16 87 -0.00108191
16 88 -0.00424407
16 89 -0.00175692
16 90 -0.00203973
16 91 -0.00130254
16 92 -0.00200397
16 93 0.000236734
17 1 -0.000983913
17 2 -0.00158419
17 3 -0.000201103
17 4 -5.63245e-05
17 5 -0.000749105
17 6 -0.000613307
17 7 0.000270992
17 8 8.56573e-05
17 9 5.78695e-05
17 10 -0.000649136
17 11 -0.00175655
17 12 -0.000546878
17 13 -0.000328213
17 14 -0.000952828
17 15 -0.00188126
17 16 -0.000207682
17 17 0.770063
17 18 -0.000696502
17 19 1.74667e-06
17 20 -0.00171666
17 21 -0.00182491
17 22 0.000361263
17 23 -0.00267753
17 24 -0.000499399
17 25 -2.71239e-05
17 26 3.64961e-05
17 27 -0.0015148
17 28 -0.00201565
17 29 -0.00178475
17 30 -0.00123192
17 31 -6.17529e-06
17 32 -0.000997263
17 33 0.000578637
17 34 -0.000463713
17 35 -0.000915914
17 36 0.000154548
17 37 0.000464122
17 38 -0.000384964
17 39 -0.000287227
17 40 -0.00299742
17 41 -0.00122084
17 42 -0.00212764
17 43 -0.00179808
17 44 -0.000589882
17 45 -0.000212097
17 46 -0.000119818
17 47 0.000122955
17 48 0.000105391
17 49 -0.000748815
17 50 -0.00114485
17 51 -0.00166614
17 52 -6.56567e-05
17 53 0.000129944
17 54 0.00045205
17 55 -6.86833e-05
17 56 -0.000403057
17 57 -0.000882752
17 58 -0.000473941
17 59 -0.000169599
17 60 0.00019058
17 61 -0.00110426
17 62 -0.00148413
17 63 -0.0010128
17 64 6.10692e-05
17 65 8.65259e-05
17 66 8.54028e-05
17 67 0.000117436
17 68 -0.00024766
17 69 0.000246602
17 70 -0.00117235
17 71 0.00021799
17 72 -0.000660313
17 73 -0.000264505
17 74 -0.00142558
17 75 8.4684e-05
17 76 -0.000454318
17 77 -0.00141399
17 78 -0.000557693
17 79 -0.00134976
17 80 0.00012149
17 81 -4.11825e-05
17 82 9.55564e-05
17 83 -0.0003071
17 84 -0.000151522
17 85 -9.36258e-05
17 86 -0.0365555
17 87 -0.000583006
17 88 -0.00403126
17 89 -0.00102108
17 90 -7.89256e-05
17 91 -0.000725088
17 92 -0.00225821
17 93 -0.00211984
18 1 -0.000931147
18 2 -0.411529
18 3 -0.030878
18 4 -0.0343628
18 5 -0.00300613
18 6 -0.000922762
18 7 -0.0179461
18 8 -0.0155525
18 9 0.00137939
18 10 -0.00533742
18 11 -0.00478922
18 12 -0.0036548
18 13 0.000319305
18 14 -0.00153348
18 15 -0.00252684
18 16 -0.00127301
18 17 -0.000696502
18 18 1.14613
18 19 0.000332003
18 20 -0.00190552
18 21 -0.000569093
18 22 -0.0589461
18 23 -0.0413428
18 24 -0.000339839
18 25 9.00756e-05
18 26 -0.000455973
18 27 -0.00302279
18 28 -0.00441967
18 29 -0.00144745
18 30 -0.00522979
18 31 -0.00199615
18 32 -0.00272833
18 33 0.000884475
18 34 -0.000512586
18 35 0.000204652
18 36 0.000636006
18 37 -0.0018291
18 38 -0.00460843
18 39 -0.00313136
18 40 -0.00224157
18 41 -0.00262355
18 42 -0.00194231
18 43 -0.0025759
18 44 -0.0015919
18 45 -0.000210694
18 46 -0.000523872
18 47 -0.000405244
18 48 0.000510995
18 49 -0.00353912
18 50 -0.00256409
18 51 -0.00378159
18 52 -0.00118059
18 53 -0.000325841
18 54 0.000899776
18 55 0.000178274
18 56 -0.000108607
18 57 -0.000158262
18 58 -0.00109955
18 59 -0.0124547
18 60 -0.00465004
18 61 -0.00166965
18 62 -0.00099362
18 63 0.000153715
18 64 0.000503532
18 65 0.000209339
18 66 -0.00152188
18 67 -0.00142171
18 68 -0.0049773
18 69 -0.000398176
18 70 -0.00413221
18 71 0.000152098
18 72 -0.00531838
18 73 -0.00175552
18 74 -0.000277729
18 75 -0.00183039
18 76 -0.000188051
18 77 0.000711907
18 78 -0.00257121
18 79 -0.00106859
18 80 0.000264819
18 81 -0.000228928
18 82 0.000233419
18 83 -0.0009107
18 84 0.00113556
18 85 -0.00010774
18 86 0.000294932
18 87 -0.00231743
18 88 -0.00574682
18 89 -0.00146372
18 90 -0.000382879
18 91 -0.00214401
18 92 -0.00460708
18 93 0.000783997
19 1 -0.0033905
19 2 0.000322619
19 3 -0.000542853
19 4 -0.000156054
19 5 -0.000252424
19 6 -0.00105279
19 7 -0.00229864
19 8 -0.00125188
19 9 -0.00522931
19 10 -0.000445739
19 11 0.000208199
19 12 7.57148e-05
19 13 -0.00393244
19 14 0.000350155
19 15 -0.000300666
19 16 -0.00121249
19 17 1.74667e-06
19 18 0.000332003
19 19 0.984746
19 20 -0.000391376
19 21 -0.000120444
19 22 -0.000629059
19 23 -0.0011441
19 24 -0.00235228
19 25 -0.000253134
19 26 -0.00105131
19 27 -3.12285e-06
19 28 -0.000178861
19 29 -0.000839464
19 30 0.000280801
19 31 -1.91514e-05
19 32 -0.000144585
19 33 -0.000382998
19 34 -0.00338613
19 35 -0.00180544
19 36 -0.00157303
19 37 -1.62468e-05
19 38 0.000186544
19 39 -0.00016584
19 40 -0.00036825
19 41 -9.36458e-05
19 42 8.40858e-05
19 43 2.9196e-05
19 44 0.00026223
19 45 -0.00137012
19 46 -8.33013e-05
19 47 -0.00300301
19 48 -0.00325573
19 49 0.000151384
19 50 -0.000175512
19 51 0.000168845
19 52 0.000156091
19 53 -0.00162676
19 54 -0.00209307
19 55 -0.000824675
19 56 5.30743e-05
19 57 0.00026686
19 58 -0.0125538
19 59 -0.000887816
19 60 -0.000805189
19 61 1.69065e-05
19 62 0.000100649
19 63 9.37392e-05
19 64 -0.000134874
19 65 -0.000176579
19 66 -0.000585737
19 67 -0.00289584
19 68 0.000181985
19 69 -0.00197182
19 70 -0.000557888
19 71 -0.00114242
19 72 -0.000284868
19 73 0.000104393
19 74 -0.00209697
19 75 -0.00141642
19 76 -0.00462998
19 77 -0.00485405
19 78 -0.00262492
19 79 7.49496e-05
19 80 -0.000588
19 81 -0.000237466
19 82 -8.34949e-05
19 83 -0.000114726
19 84 -0.00454312
19 85 -0.00245317
19 86 -0.000320054
19 87 -0.00149246
19 88 0.000791536
19 89 0.000489134
19 90 -0.000776485
19 91 -0.000945227
19 92 -0.000530178
19 93 -0.002167
20 1 -0.000578562
20 2 -0.0060474
20 3 -0.00343911
20 4 -0.00308505
20 5 -0.00192861
20 6 -0.00233259
20 7 -0.000691064
20 8 -0.00311323
20 9 0.000140372
20 10 -0.000279007
20 11 -0.00087642
20 12 0.000108327
20 13 0.00014407
20 14 0.000221869
20 15 -0.00454601
20 16 -0.000516873
20 17 -0.00171666
20 18 -0.00190552
20 19 -0.000391376
20 20 1.0466
20 21 -0.00110506
20 22 -0.00100684
20 23 -0.00216233
20 24 -6.77839e-05
20 25 -0.000753155
20 26 -0.000263619
20 27 -0.00387858
20 28 0.000501059
20 29 0.000408184
20 30 0.000326873
20 31 -0.000254617
20 32 0.000413724
20 33 -0.000452299
20 34 -0.00220728
20 35 -0.00264115
20 36 5.39262e-05
20 37 -0.000407476
20 38 0.000488952
20 39 -0.000873034
20 40 -0.00117678
20 41 -0.00677357
20 42 -0.0104452
20 43 -0.000254674
20 44 -0.000713591
20 45 -0.0019385
20 46 0.000119615
20 47 -0.000545663
20 48 0.000126317
20 49 -0.00212568
20 50 0.000236441
20 51 0.000179334
20 52 0.000202511
20 53 -0.00370012
20 54 -0.00190222
20 55 -0.000244948
20 56 -0.000659442
20 57 0.000431703
20 58 0.000123563
20 59 -0.00145678
20 60 -0.00128727
20 61 0.000131303
20 62 2.536e-05
20 63 -0.00262482
20 64 -0.000461925
20 65 -0.000308869
20 66 -0.000322273
20 67 -0.000553146
20 68 -0.000959121
20 69 -0.000602206
20 70 0.000244194
20 71 -0.000774629
20 72 0.000141584
20 73 -0.00880793
20 74 -0.000837112
20 75 0.000123706
20 76 -5.43234e-06
20 77 -0.00154688
20 78 0.00010719
20 79 -0.000600196
20 80 -0.000228537
20 81 -0.000411234
20 82 -9.84562e-05
20 83 -0.000108749
20 84 8.77337e-05
20 85 0.000109578
20 86 -0.00175413
20 87 0.000128507
20 88 0.000497121
20 89 -0.000715987
20 90 0.000133058
20 91 0.000314801
20 92 -0.000751915
20 93 -0.00230871
21 1 0.000116263
21 2 -0.00126148
21 3 -0.000322576
21 4 -0.000204831
21 5 -0.00108551
21 6 -0.00184054
21 7 0.000486153
21 8 -0.00147668
21 9 -0.000621536
21 10 -8.95224e-06
21 11 -0.00201316
21 12 -0.000386479
21 13 7.53152e-05
21 14 -0.00165137
21 15 -0.00833415
21 16 0.000174542
21 17 -0.00182491
21 18 -0.000569093
21 19 -0.000120444
21 20 -0.00110506
21 21 0.814833
21 22 -0.00201904
21 23 -0.000946086
21 24 3.55967e-05
21 25 -0.000902836
21 26 -0.000217194
21 27 -0.0053343
21 28 -0.000472635
21 29 -0.000103173
21 30 -0.00140129
21 31 -0.00113689
21 32 -0.00060558
21 33 -0.000804186
21 34 0.000326771
21 35 -0.000499484
21 36 7.09453e-05
21 37 0.000205308
21 38 -0.000173148
21 39 0.000109186
21 40 -0.00246419
21 41 -0.0131348
21 42 -0.00569152
21 43 0.000405511
21 44 -0.000576798
21 45 5.35674e-05
21 46 -0.00167816
21 47 -0.000126104
21 48 -0.00165458
21 49 -0.000366836
21 50 -0.00128857
21 51 -0.000729897
21 52 -0.00176686
21 53 -0.000145654
21 54 -0.000617751
21 55 2.91507e-05
21 56 -0.000203658
21 57 -0.000289099
21 58 8.25153e-05
21 59 -0.0027008
21 60 -0.000154974
21 61 -0.0015606
21 62 -0.000218079
21 63 -0.00363384
21 64 -0.000417674
21 65 6.65136e-05
21 66 -5.78898e-05
21 67 0.000195761
21 68 -0.000714958
21 69 -0.00013639
21 70 -5.68024e-06
21 71 0.00016296
21 72 -0.000617812
21 73 -0.00168924
21 74 -0.000159272
21 75 -0.00200284
21 76 0.000197951
21 77 0.000254337
21 78 6.3223e-05
21 79 -0.000497318
21 80 -0.00180766
21 81 -0.00195583
21 82 -0.000135525
21 83 7.68461e-06
21 84 -0.00197351
21 85 -0.002037
21 86 -0.000735504
21 87 0.000679749
21 88 -0.00240027
21 89 -0.00146345
21 90 -0.000280254
21 91 -0.000671628
21 92 -0.000350335
21 93 4.13994e-05
22 1 -0.000259292
22 2 -0.0790757
22 3 -0.0229718
22 4 -0.0143584
22 5 -0.000563437
22 6 -0.000579601
22 7 -0.00775443
22 8 -0.00791699
22 9 0.000282542
22 10 -0.00574976
22 11 -0.00153781
22 12 -0.00191228
22 13 -0.00258164
22 14 -0.00246829
22 15 0.000354908
22 16 0.000196142
22 17 0.000361263
22 18 -0.0589461
22 19 -0.000629059
22 20 -0.00100684
22 21 -0.00201904
22 22 1.21158
22 23 -0.478437
22 24 -0.000144001
22 25 6.64486e-05
22 26 0.000192879
22 27 -0.000780988
22 28 -0.00329335
22 29 -0.00626279
22 30 -0.00308213
22 31 0.000269995
22 32 -0.00646205
22 33 -0.00190302
22 34 -0.00111562
22 35 -0.00184651
22 36 0.000572557
22 37 -0.00254529
22 38 -0.00323591
22 39 -0.00568577
22 40 -0.00149101
22 41 -0.00261991
22 42 -0.00115996
22 43 -0.00173791
22 44 -0.0013758
22 45 -0.000304284
22 46 -0.000351589
22 47 -0.00134373
22 48 -0.000159169
22 49 -0.0033455
22 50 -0.00245398
22 51 -0.0057275
22 52 -0.000465984
22 53 -0.000436175
22 54 0.000659398
22 55 0.000168753
22 56 -0.000437124
22 57 -0.00414701
22 58 -0.000934898
22 59 -0.0129891
22 60 -0.0107445
22 61 -0.00177259
22 62 -0.00117757
22 63 -0.00366949
22 64 -0.000666921
22 65 0.000202273
22 66 -0.0037561
22 67 -0.00103202
22 68 -0.00467457
22 69 -0.000130988
22 70 -0.00208316
22 71 -0.000947184
22 72 -0.000648943
22 73 -0.00131416
22 74 -0.000690213
22 75 -0.00094258
22 76 -0.000705897
22 77 -0.000548871
22 78 -0.00354645
22 79 -0.00149397
22 80 0.00109926
22 81 -0.00245619
22 82 -0.000380152
22 83 0.000302818
22 84 -0.00254759
22 85 -0.000660512
22 86 0.000441378
22 87 -0.00188356
22 88 -0.00365472
22 89 -0.000581382
22 90 -0.000549875
22 91 -0.00509158
22 92 -0.00138869
22 93 0.000553113
23 1 -0.00061361
23 2 -0.109418
23 3 -0.004945
23 4 -0.00450925
23 5 -0.00547426
23 6 -0.00107601
23 7 -0.0021877
23 8 -0.00211279
23 9 -0.000251211
23 10 -0.0026775
23 11 0.000647336
23 12 -0.00102752
23 13 -0.000147023
23 14 -0.0018686
23 15 -0.00369789
23 16 -0.00111547
23 17 -0.00267753
23 18 -0.0413428
23 19 -0.0011441
23 20 -0.00216233
23 21 -0.000946086
23 22 -0.478437
23 23 1.23671
23 24 -0.00103783
23 25 8.59937e-05
23 26 9.51062e-05
23 27 -0.00269038
23 28 -0.0028719
23 29 -0.00106699
23 30 -0.0028299
23 31 -0.00063151
23 32 -0.00280237
23 33 0.00110783
23 34 -0.00301112
23 35 -0.000471702
23 36 0.00010432
23 37 0.000109801
23 38 -0.00345959
23 39 -0.00206909
23 40 -0.00463611
23 41 -0.00301272
23 42 -0.00441526
23 43 -0.00251629
23 44 -0.00134828
23 45 -0.000200936
23 46 -0.00105652
23 47 0.000343198
23 48 9.71378e-05
23 49 -0.00176245
23 50 -0.00330526
23 51 -0.00114789
23 52 -0.000819031
23 53 -0.00295021
23 54 0.000145994
23 55 9.40416e-05
23 56 -0.000968767
23 57 -0.00166575
23 58 -0.00103599
23 59 -0.00765562
23 60 -0.00101129
23 61 0.000518575
23 62 -0.000406226
23 63 -0.000615357
23 64 -0.000443454
23 65 0.000115287
23 66 -0.0016619
23 67 -0.000620539
23 68 -0.00297188
23 69 7.71233e-05
23 70 -0.00405152
23 71 0.000318039
23 72 -0.00328746
23 73 -0.00229735
23 74 -0.00313865
23 75 5.00085e-05
23 76 -0.00110048
23 77 -0.000154039
23 78 -0.000543347
23 79 0.0010627
23 80 0.000245318
23 81 -0.000396789
23 82 -8.17366e-05
23 83 -0.00132141
23 84 0.000309951
23 85 0.000276865
23 86 -0.000841183
23 87 -0.0016552
23 88 -0.0021221
23 89 -0.00241331
23 90 0.000178976
23 91 -0.00304281
23 92 -0.0030134
23 93 -0.000810934
24 1 -0.00445898
24 2 -0.00135407
24 3 -0.00115805
24 4 -0.000608971
24 5 -0.000273484
24 6 -0.00106271
24 7 -0.00166403
24 8 -0.000128142
24 9 -0.00227187
24 10 -7.02125e-05
24 11 -0.00225105
24 12 -0.000204111
24 13 -0.000364149
24 14 -0.00197209
24 15 -0.000302095
24 16 -0.0374147
24 17 -0.000499399
24 18 -0.000339839
24 19 -0.00235228
24 20 -6.77839e-05
24 21 3.55967e-05
24 22 -0.000144001
24 23 -0.00103783
24 24 1.15865
24 25 -0.00159681
24 26 -0.00104024
24 27 -0.00085194
24 28 -0.00152355
24 29 -0.000616534
24 30 -0.00117904
24 31 -0.00231953
24 32 0.000522678
24 33 0.000137271
24 34 0.000152721
24 35 0.00017591
24 36 -0.0010008
24 37 -0.000673342
24 38 0.00025168
24 39 -0.00191489
24 40 -5.44389e-05
24 41 0.000117793
24 42 8.61608e-05
24 43 0.000292685
24 44 -0.0014798
24 45 -0.000505305
24 46 -9.82069e-05
24 47 -0.00353564
24 48 -0.00238554
24 49 -0.00102661
24 50 -0.000775176
24 51 -0.00224329
24 52 -0.000424153
24 53 -3.9362e-05
24 54 0.000198914
24 55 3.00078e-05
24 56 5.74637e-05
24 57 -0.00241094
24 58 0.000135066
24 59 -0.000628338
24 60 -0.00108197
24 61 0.000125622
24 62 -0.000582683
24 63 -0.000603587
24 64 0.000109739
24 65 2.91723e-05
24 66 -0.00472208
24 67 -0.00193606
24 68 -0.00018032
24 69 -0.000853653
24 70 -0.00416344
24 71 -0.00613369
24 72 -0.000324978
24 73 -0.000522896
24 74 -0.00450385
24 75 -0.00419087
24 76 -0.00495793
24 77 -0.00015006
24 78 -0.00019227
24 79 -0.00104801
24 80 -0.000548295
24 81 -0.000741093
24 82 -2.05553e-05
24 83 6.24658e-05
24 84 -0.00293256
24 85 -0.00321612
24 86 6.72456e-05
24 87 3.88513e-05
24 88 -0.000230782
24 89 -0.0010719
24 90 -0.00166339
24 91 -0.00252218
24 92 -0.000621102
24 93 0.00023488
25 1 -0.00241562
25 2 5.36809e-05
25 3 0.000180043
25 4 -2.5904e-05
25 5 0.000118564
25 6 -0.00162378
25 7 -1.2013e-05
25 8 -0.000240802
25 9 -0.00213585
25 10 -0.00184002
25 11 -0.00351219
25 12 -0.00108614
25 13 4.83775e-06
25 14 -3.87467e-05
25 15 0.000283795
25 16 -0.00329502
25 17 -2.71239e-05
25 18 9.00756e-05
25 19 -0.000253134
25 20 -0.000753155
25 21 -0.000902836
25 22 6.64486e-05
25 23 8.59937e-05
25 24 -0.00159681
25 25 5.39743
25 26 -4.94312
25 27 -0.000213291
25 28 0.000197919
25 29 -0.000218252
25 30 -3.99394e-05
25 31 0.000825631
